Background_rpf_expo_par0: 1.0541877557950545 +/- 0.061918852536655744
Background_rpf_expo_par1: -1.7024480306563419 +/- 0.0027228269828495355
