Background_rpf_expo_par0: -1.721144865487741 +/- 0.10595551259562767
Background_rpf_expo_par1: -0.9252562008955904 +/- 0.004579747431630418
