Background_rpf_expo_par0: -1.7212578985812919 +/- 0.10592033296515327
Background_rpf_expo_par1: -0.9252620416232109 +/- 0.0045789819435142695
