Background_rpf_expo_par0: -1.7211212126881124 +/- 0.0982291147664288
Background_rpf_expo_par1: -0.9252598135334522 +/- 0.004460855042230912
