Background_rpf_expo_par0: 1.77035622243077 +/- 0.14140093859312405
Background_rpf_expo_par1: -1.4352132889752882 +/- 0.006549230437916848
