Background_rpf_expo_par0: -1.7210093480715123 +/- 0.1059544050731428
Background_rpf_expo_par1: -0.9252599777494577 +/- 0.004579654659357178
