Background_rpf_expo_par0: -1.7211485853237705 +/- 0.11611384765631819
Background_rpf_expo_par1: -0.9252653069499104 +/- 0.004684363293182075
