Background_rpf_expo_par0: -1.7212473856623707 +/- 0.10595396157411759
Background_rpf_expo_par1: -0.9252655901962702 +/- 0.004579645837387033
