Background_rpf_expo_par0: -1.720983251469413 +/- 0.10595422732422184
Background_rpf_expo_par1: -0.9252541654913654 +/- 0.004579646755790719
