Background_rpf_expo_par0: -1.7215578564402494 +/- 0.10595342526330843
Background_rpf_expo_par1: -0.9252777814295066 +/- 0.004579602256035478
