Background_rpf_expo_par0: -1.7212082125665247 +/- 0.10595541462382124
Background_rpf_expo_par1: -0.9252598314717819 +/- 0.004579747037622036
