Background_rpf_expo_par0: -1.721371448534675 +/- 0.10595997188345645
Background_rpf_expo_par1: -0.9252570122942815 +/- 0.004579874164830424
