Background_rpf_expo_par0: -1.7212333926161216 +/- 0.010307775994137122
Background_rpf_expo_par1: -0.9252644390601472 +/- 0.0004539363572352316
