Background_rpf_expo_par0: -1.7207028760753806 +/- 0.01015606651979181
Background_rpf_expo_par1: -0.9252423570156691 +/- 0.00046460572560423266
