Background_rpf_expo_par0: -1.7207970372021184 +/- 0.10747437399514423
Background_rpf_expo_par1: -0.9252435819020338 +/- 0.004606898203156673
