Background_rpf_expo_par0: -1.7214294168528144 +/- 0.0950859856085187
Background_rpf_expo_par1: -0.9252699753879262 +/- 0.004270971839685914
