Background_rpf_expo_par0: 1.6112939610817614 +/- 0.11949572007259986
Background_rpf_expo_par1: -1.4064038471935485 +/- 0.005437124048955303
