Background_rpf_expo_par0: 1.128090116689239 +/- 0.11080882990583246
Background_rpf_expo_par1: -1.7003502068941456 +/- 0.004542332989409547
