Background_rpf_expo_par0: -1.720115291215449 +/- 0.10647301254165702
Background_rpf_expo_par1: -0.9252156838573702 +/- 0.004589530067368764
