Background_rpf_expo_par0: 1.7555168657503568 +/- 0.12554762030037273
Background_rpf_expo_par1: -1.9180857642526077 +/- 0.005465704938881744
