Background_rpf_expo_par0: 1.905045532316613 +/- 0.2669873972990176
Background_rpf_expo_par1: -1.914532324833852 +/- 0.007805901579700459
