Background_rpf_expo_par0: -1.7210275097264205 +/- 0.10594744883632691
Background_rpf_expo_par1: -0.9252534809444866 +/- 0.004578265651882766
