Background_rpf_expo_par0: -1.7209473464717517 +/- 0.10595301423543886
Background_rpf_expo_par1: -0.9252673565043912 +/- 0.004579553931201716
