Background_rpf_expo_par0: -1.721062076968034 +/- 0.10593739634828264
Background_rpf_expo_par1: -0.9252666740267815 +/- 0.004579124995013184
