Background_rpf_expo_par0: -1.7211701971031985 +/- 0.29029255723527136
Background_rpf_expo_par1: -0.9252692803690911 +/- 0.007553740209052274
