Background_rpf_expo_par0: -1.7212400745735705 +/- 0.10595502722432204
Background_rpf_expo_par1: -0.9252627248977545 +/- 0.004579666793687512
