Background_rpf_expo_par0: -1.72114029395422 +/- 0.10595267650468168
Background_rpf_expo_par1: -0.9252640824100812 +/- 0.004579544915124604
