Background_rpf_expo_par0: 0.8078029176784592 +/- 0.1563664092585795
Background_rpf_expo_par1: -1.4880976122555178 +/- 0.005942348343272321
