Background_rpf_expo_par0: -1.7209534561935438 +/- 0.10594957207420609
Background_rpf_expo_par1: -0.9252573721700492 +/- 0.004579518960468025
