Background_rpf_expo_par0: 1.5407289804068844 +/- 0.2037724340584202
Background_rpf_expo_par1: -1.6859561800495522 +/- 0.007437944592821577
