Background_rpf_expo_par0: -1.7210796526156609 +/- 0.10595428902473567
Background_rpf_expo_par1: -0.925259597877131 +/- 0.004579651288347475
