Background_rpf_expo_par0: -1.7211641827638011 +/- 0.10595258111695276
Background_rpf_expo_par1: -0.9252640433548122 +/- 0.00457954192861939
