Background_rpf_expo_par0: -1.7211570833762735 +/- 0.10595402920948736
Background_rpf_expo_par1: -0.9252596259957668 +/- 0.004579644813464727
