Background_rpf_expo_par0: -1.7211134474545688 +/- 0.10595267372115488
Background_rpf_expo_par1: -0.9252614448501418 +/- 0.00457954371888086
