Background_rpf_expo_par0: 1.0540745358412147 +/- 0.09694695790661617
Background_rpf_expo_par1: -1.7024528035300253 +/- 0.004282990382198021
