Background_rpf_expo_par0: -1.7212804659552499 +/- 0.10595401465425866
Background_rpf_expo_par1: -0.9252682333651423 +/- 0.0045796486518412125
