Background_rpf_expo_par0: -1.7211220169469634 +/- 0.10595449650051138
Background_rpf_expo_par1: -0.9252604671319689 +/- 0.004579652167618931
