Background_rpf_expo_par0: -1.7211640754466022 +/- 0.10595409214667664
Background_rpf_expo_par1: -0.9252604073275 +/- 0.004579646261743963
