Background_rpf_expo_par0: -1.7210964873853993 +/- 0.105952722257856
Background_rpf_expo_par1: -0.9252604362677802 +/- 0.004579544248098889
