Background_rpf_expo_par0: -1.721152854650494 +/- 0.1059556136841665
Background_rpf_expo_par1: -0.925259546290075 +/- 0.0045797524193767186
