Background_rpf_expo_par0: 1.0547672155604664 +/- 0.09696125720276541
Background_rpf_expo_par1: -1.7024320228266152 +/- 0.004283249529451355
