Background_rpf_expo_par0: -1.7211648293057855 +/- 0.10594202901776363
Background_rpf_expo_par1: -0.925258907608812 +/- 0.004579454786719891
