Background_rpf_expo_par0: -1.7210521469350704 +/- 0.10588931911510632
Background_rpf_expo_par1: -0.9252586305524069 +/- 0.004579458413656725
