Background_rpf_expo_par0: -1.721101573325115 +/- 0.10325232591114658
Background_rpf_expo_par1: -0.9252610356692172 +/- 0.0045626200991278
