Background_rpf_expo_par0: -1.7210808009382552 +/- 0.10595267104821891
Background_rpf_expo_par1: -0.9252570201089192 +/- 0.004579542126826257
