Background_rpf_expo_par0: -1.7211550708823302 +/- 0.10120625359378456
Background_rpf_expo_par1: -0.9252584354805165 +/- 0.004492871185684883
