Background_rpf_expo_par0: -1.7212138194608064 +/- 0.10595402799055945
Background_rpf_expo_par1: -0.9252637350631875 +/- 0.004579646372257357
