Background_rpf_expo_par0: 2.068890403507373 +/- 0.14055342768185208
Background_rpf_expo_par1: -1.5800574874439912 +/- 0.006400798644195476
