Background_rpf_expo_par0: 2.0689825017385943 +/- 0.14012457461894556
Background_rpf_expo_par1: -1.580049366609917 +/- 0.0063905735471812474
