Background_rpf_expo_par0: 2.0692031403287174 +/- 0.14054722465895292
Background_rpf_expo_par1: -1.5800463219195129 +/- 0.006400607672161143
