Background_rpf_expo_par0: -1.7622821128549215 +/- 0.11339306856708464
Background_rpf_expo_par1: -0.9270333194925494 +/- 0.0049156972543240585
