Background_rpf_expo_par0: -1.7211091137173573 +/- 0.1059555617515188
Background_rpf_expo_par1: -0.9252543535520295 +/- 0.004579748685177309
