Background_rpf_expo_par0: -1.7211228814484791 +/- 0.10595428422769985
Background_rpf_expo_par1: -0.9252554018404247 +/- 0.004579646612489104
