Background_rpf_expo_par0: -1.7215770354955349 +/- 0.10560627250973713
Background_rpf_expo_par1: -0.925268315051081 +/- 0.004573563866882003
