Background_rpf_expo_par0: -1.7213337577771637 +/- 0.10595534258460407
Background_rpf_expo_par1: -0.9252639551399665 +/- 0.004579747881097785
