Background_rpf_expo_par0: -1.7212138199147724 +/- 0.10595408324476574
Background_rpf_expo_par1: -0.9252646100352195 +/- 0.004579648533375755
