Background_rpf_expo_par0: -1.7211768518264434 +/- 0.10588627690204704
Background_rpf_expo_par1: -0.9252629370882339 +/- 0.004579317650593439
