Background_rpf_expo_par0: -1.7217527592116917 +/- 0.10595966768179187
Background_rpf_expo_par1: -0.9252831961559259 +/- 0.0045798767691907875
