Background_rpf_expo_par0: -1.7211357299564758 +/- 0.010376307004342472
Background_rpf_expo_par1: -0.9252590462879626 +/- 0.0004441127989479553
