Background_rpf_expo_par0: -1.7211426170403248 +/- 0.10595265461320882
Background_rpf_expo_par1: -0.9252635093017894 +/- 0.004579544529159474
