Background_rpf_expo_par0: -1.7210572191139153 +/- 0.10595278744324108
Background_rpf_expo_par1: -0.9252624168640718 +/- 0.004579546975182532
