Background_rpf_expo_par0: 1.0561445533985503 +/- 0.09760885813709955
Background_rpf_expo_par1: -1.702403759236537 +/- 0.004295283520386392
