Background_rpf_expo_par0: 1.0544463114056766 +/- 0.0973645513534192
Background_rpf_expo_par1: -1.7024410512365002 +/- 0.0042879492368639305
