Background_rpf_expo_par0: -1.7216345157169055 +/- 0.10595387342161512
Background_rpf_expo_par1: -0.9252773555558608 +/- 0.00457964792509381
