Background_rpf_expo_par0: -1.7209530587979334 +/- 0.10595445542056259
Background_rpf_expo_par1: -0.9252527787167132 +/- 0.004579652138035377
