Background_rpf_expo_par0: -1.721090463570989 +/- 0.105955621223229
Background_rpf_expo_par1: -0.9252533215673069 +/- 0.004579749226317486
