Background_rpf_expo_par0: -1.7207119683050558 +/- 0.10594974706917584
Background_rpf_expo_par1: -0.9252464085183878 +/- 0.004579518231352945
