Background_rpf_expo_par0: -1.7211320356180775 +/- 0.10580306634838613
Background_rpf_expo_par1: -0.9252589402822667 +/- 0.004579405621633918
