Background_rpf_1x0_par0: 0.914466967909822 +/- 0.0035986757979818438
Background_rpf_1x0_par1: -1.9785903993827083 +/- 0.057954282747205446
