Background_fail_par0: 99.99999999999987 +/- 93.43927260148801
Background_fail_par1: -16.474385814527206 +/- 2.2250295154812645
