Background_rpf_expo_par0: -1.7623540185999362 +/- 0.2648968504172829
Background_rpf_expo_par1: -0.9270427646703445 +/- 0.007473509415935286
