Background_rpf_expo_par0: -1.7209702566516025 +/- 0.10738833003820439
Background_rpf_expo_par1: -0.9252541490870428 +/- 0.004606048185661383
