Background_rpf_expo_par0: -1.721255161907847 +/- 0.10595407585142726
Background_rpf_expo_par1: -0.9252649623408731 +/- 0.004579648725174715
