Background_rpf_expo_par0: -1.7213242230397556 +/- 0.0101808063471261
Background_rpf_expo_par1: -0.9252694190870028 +/- 0.0004630405169192806
