Background_rpf_expo_par0: -1.7216443284767768 +/- 0.14008520306505481
Background_rpf_expo_par1: -0.925278794367333 +/- 0.005223459323169179
