Background_rpf_expo_par0: -1.7213161356527267 +/- 0.10596153275901642
Background_rpf_expo_par1: -0.9252555595148284 +/- 0.004579977762119943
