Background_rpf_expo_par0: -1.7212222568905444 +/- 0.09922123123274126
Background_rpf_expo_par1: -0.9252633054837798 +/- 0.004464136976262116
