Background_rpf_expo_par0: 1.0543939394873394 +/- 0.09695013531312655
Background_rpf_expo_par1: -1.7024414068386526 +/- 0.004283047238737442
