Background_rpf_expo_par0: -1.7213919802128526 +/- 0.09945567424489507
Background_rpf_expo_par1: -0.9252715821281419 +/- 0.004498944428832337
