Background_rpf_expo_par0: 2.0691594440773673 +/- 0.14010920861215542
Background_rpf_expo_par1: -1.5800490165763879 +/- 0.006390039739328926
