Background_rpf_expo_par0: 2.3204670772646274 +/- 0.18947962610451086
Background_rpf_expo_par1: -1.5728617210553821 +/- 0.007351904257267063
