Background_rpf_expo_par0: 1.2596870961793551 +/- 0.14442934578814443
Background_rpf_expo_par1: -1.6935525048301328 +/- 0.006337049338370992
