Background_rpf_expo_par0: -1.7211408906180565 +/- 0.10595413222455291
Background_rpf_expo_par1: -0.9252600744505549 +/- 0.004579647899179084
