Background_rpf_expo_par0: -1.762394093900053 +/- 0.11347430431452221
Background_rpf_expo_par1: -0.9270359173461237 +/- 0.00490006125207848
