Background_rpf_expo_par0: -1.7211274748609247 +/- 0.10595412663417485
Background_rpf_expo_par1: -0.9252601189587104 +/- 0.004579647456351467
