Background_rpf_expo_par0: -1.721093257492782 +/- 0.10593393906330273
Background_rpf_expo_par1: -0.9252574649717881 +/- 0.004578437601626089
