Background_rpf_expo_par0: -1.7211165898975105 +/- 0.10595401504137655
Background_rpf_expo_par1: -0.9252557943786335 +/- 0.004579642682209706
