Background_rpf_expo_par0: -1.7622905666752207 +/- 0.11357079154975058
Background_rpf_expo_par1: -0.9270339746162211 +/- 0.004915415909367227
