Background_rpf_expo_par0: -1.7211541250571472 +/- 0.10595552933752074
Background_rpf_expo_par1: -0.9252590273422084 +/- 0.004579750064239071
