Background_rpf_expo_par0: -1.7211184534902733 +/- 0.10595409257178208
Background_rpf_expo_par1: -0.9252584068995193 +/- 0.0045796458719027456
