Background_rpf_expo_par0: -1.7211006124470145 +/- 0.09822910715567343
Background_rpf_expo_par1: -0.9252584451943613 +/- 0.0044608541510013245
