Background_rpf_expo_par0: -1.7626353948071274 +/- 0.1136409284439747
Background_rpf_expo_par1: -0.927049843042395 +/- 0.0049126441462879564
