Background_rpf_expo_par0: -1.7626402155445935 +/- 0.1136409722045463
Background_rpf_expo_par1: -0.9270491604119496 +/- 0.00491264523437724
