Background_rpf_expo_par0: -1.7212652989322679 +/- 0.10568504401550795
Background_rpf_expo_par1: -0.9252625792568854 +/- 0.004574344996113818
