Background_rpf_expo_par0: -1.7208254557734997 +/- 0.15179498304038663
Background_rpf_expo_par1: -0.9252442348067107 +/- 0.0054757075249892255
