Background_rpf_expo_par0: -1.7205914585925095 +/- 0.10507188500052318
Background_rpf_expo_par1: -0.9252395703105064 +/- 0.004565773046148504
