Background_rpf_expo_par0: -1.7211200065343022 +/- 0.1059541304193984
Background_rpf_expo_par1: -0.9252597857032963 +/- 0.004579647326942715
