Background_rpf_expo_par0: -1.7210689804520862 +/- 0.10487126729048492
Background_rpf_expo_par1: -0.9252527346352295 +/- 0.004290063737281556
