Background_rpf_expo_par0: 1.0541878348328715 +/- 0.0969467813223692
Background_rpf_expo_par1: -1.7024480263536612 +/- 0.004282986266358329
