Background_rpf_expo_par0: -1.7209124044608397 +/- 0.10595554665200603
Background_rpf_expo_par1: -0.9252413243596578 +/- 0.004579741744592249
