Background_rpf_expo_par0: -1.7209553933562145 +/- 0.25129982496769054
Background_rpf_expo_par1: -0.9252505171640859 +/- 0.007091887674590491
