Background_rpf_expo_par0: -1.7211745361241864 +/- 0.10595406630400366
Background_rpf_expo_par1: -0.9252620440386999 +/- 0.0045796464648051125
