Background_rpf_expo_par0: -1.7210216922642416 +/- 0.09796888092814852
Background_rpf_expo_par1: -0.9252436994617691 +/- 0.004335760219148776
