Background_rpf_expo_par0: -1.7212207160881754 +/- 0.10404638713447727
Background_rpf_expo_par1: -0.9252619149801782 +/- 0.004413906802301797
