Background_rpf_expo_par0: -1.762302634230249 +/- 0.11315479962857833
Background_rpf_expo_par1: -0.9270353414612091 +/- 0.004884073754025942
