Background_fail_par0: 99.99328773170916 +/- 90.94115072794497
Background_fail_par1: -20.585543989497076 +/- 3.1649420832052333
