Background_rpf_expo_par0: -1.7623498494269152 +/- 0.11364131419307821
Background_rpf_expo_par1: -0.9270379506095267 +/- 0.00491264599837804
