Background_rpf_expo_par0: -1.721206962680846 +/- 0.10598384599209645
Background_rpf_expo_par1: -0.9252600458903911 +/- 0.004580200901900291
