Background_rpf_expo_par0: -1.7209350577490108 +/- 0.10595429811415981
Background_rpf_expo_par1: -0.9252521305082145 +/- 0.004579648225152713
