Background_rpf_expo_par0: -1.7623096762242145 +/- 0.11364161621781302
Background_rpf_expo_par1: -0.9270435951856749 +/- 0.0049126554115890494
