Background_fail_par0: 4.7180967691423594e-05 +/- 0.0
Background_fail_par1: 0.0009720468541312609 +/- 1.4846984309532694
Background_fail_par2: 8.144382237292946 +/- 1.6752657523108587
