Background_rpf_expo_par0: -1.7212420614731707 +/- 0.1059553360314381
Background_rpf_expo_par1: -0.9252574182993791 +/- 0.004579744706370245
