Background_rpf_expo_par0: -0.999999999573203 +/- 0.11468747880290434
Background_rpf_expo_par1: -0.9008868135170104 +/- 0.004925322705702972
