Background_rpf_expo_par0: -1.72118083868997 +/- 0.10595383818195994
Background_rpf_expo_par1: -0.9252569141839851 +/- 0.004579638842640291
