Background_rpf_expo_par0: -1.7209220430243548 +/- 0.10595439955219782
Background_rpf_expo_par1: -0.9252538321885685 +/- 0.004579650868989096
