Background_rpf_expo_par0: -1.72123435959136 +/- 0.10595548458453406
Background_rpf_expo_par1: -0.9252595898694513 +/- 0.004579749444763978
