Background_rpf_expo_par0: -1.762991502698365 +/- 0.11398609360119372
Background_rpf_expo_par1: -0.927064581334383 +/- 0.004932437667645673
