Background_rpf_expo_par0: -1.721045879899722 +/- 0.01017390700678336
Background_rpf_expo_par1: -0.9252596013922743 +/- 0.00046566845796928817
