Background_rpf_expo_par0: -1.7212177595004585 +/- 0.10595535952626489
Background_rpf_expo_par1: -0.9252574171998326 +/- 0.004579742760017968
