Background_rpf_expo_par0: 1.0866757638821336 +/- 0.10359843528338075
Background_rpf_expo_par1: -1.7015094881393475 +/- 0.004414556123357061
