Background_rpf_expo_par0: -1.7210554960263231 +/- 0.10595423510053255
Background_rpf_expo_par1: -0.9252539627500371 +/- 0.004579646880079114
