Background_rpf_expo_par0: -1.7213606492503402 +/- 0.1059580511919468
Background_rpf_expo_par1: -0.925266735174231 +/- 0.004579799928533002
