Background_rpf_expo_par0: -1.7210890366867386 +/- 0.10596173407444423
Background_rpf_expo_par1: -0.9252613058073338 +/- 0.004579789412452977
