Background_rpf_expo_par0: -1.7211265386108074 +/- 0.15240206923932445
Background_rpf_expo_par1: -0.9252569159581664 +/- 0.005447356055233906
