Background_rpf_expo_par0: 2.9557240692173403 +/- 0.11065761901170039
Background_rpf_expo_par1: -2.3699093498364903 +/- 0.005010530202706288
