Background_rpf_expo_par0: 2.9548633001735536 +/- 0.11096483153285196
Background_rpf_expo_par1: -2.369921691725385 +/- 0.005013396059059156
