Background_fail_par0: 99.8305023684933 +/- 91.263796673313
Background_fail_par1: -20.576958504717098 +/- 2.4367300959753417
