Background_rpf_expo_par0: -1.762348009354942 +/- 0.16045813534083228
Background_rpf_expo_par1: -0.9270434432751019 +/- 0.0057939592184860144
