Background_rpf_expo_par0: -1.7212628268818142 +/- 0.10595267493697
Background_rpf_expo_par1: -0.9252754773347072 +/- 0.0045795510462038344
