Background_rpf_expo_par0: -1.7213250733201944 +/- 0.10595397088275323
Background_rpf_expo_par1: -0.9252675642025399 +/- 0.004579647127328058
