Background_rpf_expo_par0: -1.7052413592794806 +/- 0.1057626051413172
Background_rpf_expo_par1: -0.9245578099493841 +/- 0.00457055129841651
