Background_rpf_expo_par0: -1.721117717209921 +/- 0.10595407153555579
Background_rpf_expo_par1: -0.9252581039230164 +/- 0.004579645243709492
