Background_rpf_expo_par0: -1.7211575150032319 +/- 0.010133265560803696
Background_rpf_expo_par1: -0.9252576890613118 +/- 0.00046494161852837757
