Background_rpf_expo_par0: -1.7048107333988303 +/- 0.10575987388786262
Background_rpf_expo_par1: -0.9245398389236228 +/- 0.004570489943389364
