Background_rpf_expo_par0: -1.7205132530798672 +/- 0.1059559450744168
Background_rpf_expo_par1: -0.9252264168534748 +/- 0.004579746030192092
