Background_rpf_expo_par0: -1.7211269145166013 +/- 0.10595417739859349
Background_rpf_expo_par1: -0.9252604831582927 +/- 0.004579648927038669
