Background_rpf_expo_par0: -1.721343295994589 +/- 0.010516066866442797
Background_rpf_expo_par1: -0.9252812250339917 +/- 0.00046299071815131113
