Background_rpf_expo_par0: -1.7217728360805147 +/- 0.10595810453533995
Background_rpf_expo_par1: -0.925282434738248 +/- 0.004579770333152379
