Background_rpf_expo_par0: -1.721291050902638 +/- 0.010375578039799577
Background_rpf_expo_par1: -0.9252661050418095 +/- 0.000457471027696339
