Background_rpf_expo_par0: -1.7212682394791614 +/- 0.10595392377533402
Background_rpf_expo_par1: -0.925265169591223 +/- 0.00457964472099068
