Background_rpf_expo_par0: -1.7212714554758912 +/- 0.1059526536025433
Background_rpf_expo_par1: -0.9252707973106947 +/- 0.004579547631163902
