Background_rpf_expo_par0: 1.0541839497055059 +/- 0.06590892384810199
Background_rpf_expo_par1: -1.7024489482537053 +/- 0.00290530105955511
