Background_rpf_expo_par0: -1.7212739499860643 +/- 0.10494418962168395
Background_rpf_expo_par1: -0.9252648632130984 +/- 0.004381816717953116
