Background_rpf_expo_par0: -1.7211481925847218 +/- 0.10567044077016194
Background_rpf_expo_par1: -0.9252590452008674 +/- 0.0045783931638308135
