Background_rpf_expo_par0: 1.0541869524923142 +/- 0.09694689841589514
Background_rpf_expo_par1: -1.7024481692323747 +/- 0.0042829886247348825
