Background_rpf_expo_par0: -1.7623653164914759 +/- 0.11361605385367302
Background_rpf_expo_par1: -0.9270396141534297 +/- 0.004910799584826658
