Background_rpf_expo_par0: -1.762209532515359 +/- 0.11364156291166726
Background_rpf_expo_par1: -0.9270369774276155 +/- 0.004912653911220129
