Background_rpf_expo_par0: -1.7213756995851544 +/- 0.2667463595487774
Background_rpf_expo_par1: -0.9252647980783366 +/- 0.0071492410085679135
