Background_rpf_expo_par0: -1.7513367568456593 +/- 0.11444058025425866
Background_rpf_expo_par1: -0.9267143089973003 +/- 0.0049271448941660065
