Background_rpf_expo_par0: -1.7208252692870132 +/- 0.10190256910821856
Background_rpf_expo_par1: -0.9252481318344838 +/- 0.004516609471803695
