Background_rpf_expo_par0: -1.7209384264938838 +/- 0.01018258686973466
Background_rpf_expo_par1: -0.9252531267471182 +/- 0.00046562249469891915
