Background_rpf_expo_par0: -1.7210663548568292 +/- 0.10445855105630601
Background_rpf_expo_par1: -0.9252500319254354 +/- 0.0045503395007619315
