Background_rpf_expo_par0: -1.7211996876580635 +/- 0.10595437339491941
Background_rpf_expo_par1: -0.9252609592694234 +/- 0.004579652028244216
