Background_rpf_expo_par0: -1.7211089159931297 +/- 0.10595415124622377
Background_rpf_expo_par1: -0.9252588558873867 +/- 0.004579647665068772
