Background_rpf_2x0_par0: 1.1334937173372532 +/- 1.379032259002404
Background_rpf_2x0_par1: -1.2369135568817349 +/- 1.5108836083907078
Background_rpf_2x0_par2: 1.0322525135295515 +/- 1.3109545797289617
Background_rpf_2x0_par3: 0.7330498960313601 +/- 0.8917933201634326
