Background_rpf_2x0_par0: 1.1314972509170869 +/- 0.0
Background_rpf_2x0_par1: -1.2345902036143859 +/- 0.10516183804342498
Background_rpf_2x0_par2: 1.0300582999119907 +/- 0.33235667615975895
Background_rpf_2x0_par3: 0.7343417759231663 +/- 0.0036932508838026686
