Background_rpf_expo_par0: -1.7210836293551606 +/- 0.10250983457818674
Background_rpf_expo_par1: -0.9252528767661647 +/- 0.004352399351964642
