Background_rpf_expo_par0: -1.7211584828641255 +/- 0.10595408462110487
Background_rpf_expo_par1: -0.9252609283863873 +/- 0.004579646818993224
