Background_rpf_expo_par0: -1.7211745765638147 +/- 0.10313960189955203
Background_rpf_expo_par1: -0.9252604100629886 +/- 0.004565939721948278
