Background_rpf_expo_par0: -1.721160453794933 +/- 0.10595436224794207
Background_rpf_expo_par1: -0.9252621147463149 +/- 0.004579652397093369
