Background_rpf_expo_par0: -1.7210649580598756 +/- 0.10672378538914527
Background_rpf_expo_par1: -0.9252565622933536 +/- 0.0045938841060844055
