Background_rpf_expo_par0: -1.7613544662310079 +/- 0.11398907877779907
Background_rpf_expo_par1: -0.9269940515539287 +/- 0.004927389555428041
