Background_rpf_expo_par0: 1.974884993120723 +/- 0.12230869036855922
Background_rpf_expo_par1: -1.7768891858833848 +/- 0.005599317941383446
