Background_rpf_expo_par0: -0.999999999907339 +/- 0.11468806970985117
Background_rpf_expo_par1: -0.9008868421360674 +/- 0.004925352346169057
