Background_rpf_expo_par0: -0.9999999998133132 +/- 0.1153742911705503
Background_rpf_expo_par1: -0.9009510544383883 +/- 0.004938122136953428
