Background_rpf_expo_par0: -1.7211307393115671 +/- 0.010112123824439762
Background_rpf_expo_par1: -0.9252596473334587 +/- 0.0004655994293628051
