Background_rpf_expo_par0: -1.7233882487488072 +/- 0.10595532942910105
Background_rpf_expo_par1: -0.9253565673696619 +/- 0.004579666637750589
