Background_rpf_expo_par0: -1.7214658187530447 +/- 0.10595363171032302
Background_rpf_expo_par1: -0.9252650136599039 +/- 0.004579637651992378
