Background_rpf_expo_par0: -1.7212604624743464 +/- 0.10595541171832608
Background_rpf_expo_par1: -0.9252612615430238 +/- 0.004579748109743609
