Background_rpf_expo_par0: -1.7622044490841027 +/- 0.11353890011492873
Background_rpf_expo_par1: -0.9270326221101682 +/- 0.004907100540604559
