Background_rpf_expo_par0: -1.7622044490841027 +/- 0.11364160623509646
Background_rpf_expo_par1: -0.9270326221101682 +/- 0.004912652536493506
