Background_rpf_expo_par0: -1.7623792694958724 +/- 0.11364126942329525
Background_rpf_expo_par1: -0.9270401791835325 +/- 0.0049126471455557255
