Background_rpf_expo_par0: -1.7623720818020423 +/- 0.11363952846304988
Background_rpf_expo_par1: -0.927040756588641 +/- 0.004912525864125281
