Background_rpf_expo_par0: -1.721294190568049 +/- 0.10595396022448082
Background_rpf_expo_par1: -0.9252681106598446 +/- 0.004579646745479519
