Background_rpf_expo_par0: -1.7210031056866972 +/- 0.010155892535134976
Background_rpf_expo_par1: -0.9252575772235204 +/- 0.00046496972495496924
