Background_rpf_expo_par0: -1.7623522330765389 +/- 0.11364133982781062
Background_rpf_expo_par1: -0.9270393021623582 +/- 0.004912648679864376
