Background_rpf_expo_par0: -1.7062051624711134 +/- 0.0
Background_rpf_expo_par1: -0.9254038891185065 +/- 0.0
