Background_fail_par0: 4.859665187623152e-14 +/- 0.0
Background_fail_par1: 9.256868614479084e-07 +/- 0.0
Background_fail_par2: 5.111248974602354e-07 +/- 0.0
