Background_rpf_expo_par0: -1.7211162612859514 +/- 0.10596022962687045
Background_rpf_expo_par1: -0.925251978276732 +/- 0.004579875733082835
