Background_rpf_expo_par0: 1.8820240669133714 +/- 0.08304843593824487
Background_rpf_expo_par1: -1.7074422871905506 +/- 0.0038668362867757115
