Background_rpf_expo_par0: 1.8822622987393267 +/- 0.08280713121266421
Background_rpf_expo_par1: -1.7074287626721307 +/- 0.0038609729290437545
