Background_rpf_expo_par0: 1.9158600815422695 +/- 0.0942967930687446
Background_rpf_expo_par1: -1.5819873331910193 +/- 0.004323263874718598
