Background_rpf_expo_par0: 1.9158470724832761 +/- 0.09410693402328922
Background_rpf_expo_par1: -1.5819841228516613 +/- 0.004318805186025688
