Background_rpf_expo_par0: -1.762367925410008 +/- 0.11364128049752664
Background_rpf_expo_par1: -0.9270398258820558 +/- 0.004912648020026779
