Background_rpf_expo_par0: -1.7623934339038727 +/- 0.11364307837962406
Background_rpf_expo_par1: -0.9270382751517792 +/- 0.004912770439696421
