Background_fail_par0: 99.99257303589707 +/- 0.0
Background_fail_par1: -16.474263902340123 +/- 0.0
