Background_rpf_expo_par0: -1.7212158571954144 +/- 0.10595407042170929
Background_rpf_expo_par1: -0.9252630859406574 +/- 0.00457964770624078
