Background_rpf_expo_par0: -1.7212175870228583 +/- 0.10595394971222712
Background_rpf_expo_par1: -0.9252627156093548 +/- 0.0045796441939576805
