Background_rpf_expo_par0: 1.0695065197833722 +/- 0.0971978549777937
Background_rpf_expo_par1: -1.702158633818446 +/- 0.004289273835433654
