Background_rpf_expo_par0: -1.7212302600739475 +/- 0.10595553953569878
Background_rpf_expo_par1: -0.9252596659919856 +/- 0.004579751268471964
