Background_rpf_expo_par0: -1.7211989086711272 +/- 0.10595403929204535
Background_rpf_expo_par1: -0.9252613707534515 +/- 0.004579645688311561
