Background_rpf_expo_par0: -1.721272921741199 +/- 0.10594192903483085
Background_rpf_expo_par1: -0.9252648749419821 +/- 0.004578791534446464
