Background_rpf_expo2_par0: -0.8704458850896779 +/- 0.003370664024551226
Background_rpf_expo2_par1: 1.4046531065043883 +/- 0.0
Background_rpf_expo2_par2: -2.741528152767308 +/- 0.6084729065989506
