Background_rpf_expo2_par0: -0.8704472417852884 +/- 0.006902553333181939
Background_rpf_expo2_par1: 1.4046865175018544 +/- 0.24029189443790905
Background_rpf_expo2_par2: -2.742798061040264 +/- 1.3427099437836416
