Background_rpf_expo_par0: -1.7213143984564863 +/- 0.10595241943308785
Background_rpf_expo_par1: -0.9252704504846074 +/- 0.004579541441910196
