Background_rpf_expo_par0: -1.7212256782175417 +/- 0.10593048776975458
Background_rpf_expo_par1: -0.9252629907121003 +/- 0.004507001133020562
