Background_rpf_expo_par0: -0.9999999588103263 +/- 0.15780179592266805
Background_rpf_expo_par1: -0.9033787121810455 +/- 0.0057331039464334045
