Background_rpf_expo_par0: -1.72135893660066 +/- 0.10385305983759287
Background_rpf_expo_par1: -0.9252651675109149 +/- 0.00454683898842422
