Background_rpf_expo_par0: -1.7210733409798187 +/- 0.10595417325816633
Background_rpf_expo_par1: -0.9252552297054466 +/- 0.004579646485902086
