Background_rpf_expo_par0: -1.721057964487842 +/- 0.1057709962495516
Background_rpf_expo_par1: -0.925255948206422 +/- 0.004572982680027747
