Background_rpf_expo_par0: -1.7524251138599687 +/- 0.11471409099154989
Background_rpf_expo_par1: -0.926785529546315 +/- 0.004932185766985674
