Background_rpf_expo_par0: -1.7210950309363253 +/- 0.1768161758808026
Background_rpf_expo_par1: -0.9252563137392762 +/- 0.006037153777352337
