Background_rpf_expo_par0: -1.7212274456196985 +/- 0.10595406643039093
Background_rpf_expo_par1: -0.9252654348828198 +/- 0.00457964857839316
