Background_rpf_expo_par0: -1.721082790743685 +/- 0.10595569621272011
Background_rpf_expo_par1: -0.9252553465756079 +/- 0.004579752702499601
