Background_rpf_expo_par0: -1.721913469694919 +/- 0.10595323862845188
Background_rpf_expo_par1: -0.9252894322405979 +/- 0.00457963893625804
