Background_rpf_expo_par0: -1.7210090744427535 +/- 0.10596223399291116
Background_rpf_expo_par1: -0.9252514426749837 +/- 0.004579856311979064
