Background_rpf_expo_par0: 1.9747699292578433 +/- 0.12154687845450281
Background_rpf_expo_par1: -1.7768851066739697 +/- 0.005581336427728287
