Background_rpf_expo_par0: -1.7212751515976734 +/- 0.10597998219077141
Background_rpf_expo_par1: -0.925263119971447 +/- 0.004580188568742746
