Background_rpf_expo_par0: -1.721126823803278 +/- 0.10595407330065258
Background_rpf_expo_par1: -0.9252582244762089 +/- 0.004579645443810057
