Background_rpf_expo_par0: -1.721221029957207 +/- 0.10519833708383106
Background_rpf_expo_par1: -0.9252670694608188 +/- 0.004572029776883635
