Background_rpf_expo_par0: -1.721258165809167 +/- 0.105959503053607
Background_rpf_expo_par1: -0.9252612834487637 +/- 0.004579791669001436
