Background_rpf_expo_par0: -1.7598778295358808 +/- 0.11397681164854304
Background_rpf_expo_par1: -0.9270969809297808 +/- 0.00492090928631705
