Background_rpf_expo_par0: -1.7606961548714608 +/- 0.11372767763725206
Background_rpf_expo_par1: -0.9271336188009535 +/- 0.004916360543103841
