Background_rpf_expo_par0: -1.72112872150162 +/- 0.1059540818982047
Background_rpf_expo_par1: -0.9252595333862816 +/- 0.004579646167859433
