Background_rpf_expo_par0: -1.7214957386999263 +/- 0.1059585941924487
Background_rpf_expo_par1: -0.9252688504773542 +/- 0.004579776317516684
