Background_rpf_expo_par0: -1.7209152309666549 +/- 0.18103553303554498
Background_rpf_expo_par1: -0.9252480709507312 +/- 0.0061286526016229885
