Background_rpf_2x0_par0: 15.406281359879735 +/- 13.962510428560234
Background_rpf_2x0_par1: 5.453137849747525 +/- 18.526176363594693
Background_rpf_2x0_par2: -49.95767647765683 +/- 137.2849755770493
Background_rpf_2x0_par3: 0.7040462310138915 +/- 0.638042566724019
