Background_rpf_2x0_par0: 15.423965163750884 +/- 44.031932244141636
Background_rpf_2x0_par1: 5.459787939031762 +/- 23.650653104988105
Background_rpf_2x0_par2: -49.92676160057897 +/- 192.45365072605674
Background_rpf_2x0_par3: 0.703245152838512 +/- 2.007663487047515
