Background_rpf_expo_par0: -1.7209755751559277 +/- 0.10591893833090882
Background_rpf_expo_par1: -0.9252569620002681 +/- 0.00457922741273245
