Background_rpf_expo_par0: -1.7212700637024794 +/- 0.10530830521250713
Background_rpf_expo_par1: -0.9252624419555664 +/- 0.004578240182641567
