Background_rpf_expo_par0: -1.7214947814773798 +/- 0.10595358543511989
Background_rpf_expo_par1: -0.9252720373430081 +/- 0.004579639263061577
