Background_rpf_expo_par0: -1.7213313986409222 +/- 0.09822971242282003
Background_rpf_expo_par1: -0.9252597580753112 +/- 0.004460936609127872
