Background_rpf_expo_par0: -1.7213094688617145 +/- 0.10595391930867061
Background_rpf_expo_par1: -0.9252666071214097 +/- 0.0045796453966626405
