Background_rpf_expo_par0: -1.7210689180472492 +/- 0.10595584935539923
Background_rpf_expo_par1: -0.9252558625519008 +/- 0.00457967212329794
