Background_fail_par0: 9.023973360764749e-07 +/- 0.0
Background_fail_par1: 7.3400631168396435 +/- 0.0
Background_fail_par2: 4.616192373061712 +/- 0.5820629158224536
