Background_rpf_expo_par0: -1.7623819761084598 +/- 0.11364131473858671
Background_rpf_expo_par1: -0.9270400736500155 +/- 0.004912648673173711
