Background_fail_par0: 2.370966426932424e-05 +/- 7.586104579716486e-05
Background_fail_par1: 1.343620503455797 +/- 0.0
Background_fail_par2: 7.456744728215881 +/- 3.889970207423418
