Background_rpf_expo_par0: 2.1005505775063966 +/- 0.240657065449454
Background_rpf_expo_par1: -3.528719682527132 +/- 0.01031565461652891
