Background_rpf_expo_par0: 2.1001505421027757 +/- 0.240653124459083
Background_rpf_expo_par1: -3.528722067852847 +/- 0.010315575850257589
