Background_rpf_expo_par0: -1.7211296279999038 +/- 0.1058735071513027
Background_rpf_expo_par1: -0.9252602911649567 +/- 0.004579413796887889
