Background_rpf_expo_par0: -1.7621721756258508 +/- 0.11364159802440386
Background_rpf_expo_par1: -0.9270336805056987 +/- 0.0049126528353952
