Background_rpf_expo_par0: -1.76236860545908 +/- 0.11363963137117564
Background_rpf_expo_par1: -0.927043207464646 +/- 0.004912529816816774
