Background_rpf_expo_par0: -1.7211809327144219 +/- 0.15130821476125822
Background_rpf_expo_par1: -0.9252544393467519 +/- 0.005473435381661378
