Background_rpf_expo_par0: -1.7211584122327452 +/- 0.10595414996819105
Background_rpf_expo_par1: -0.9252608033661556 +/- 0.00457964814827958
