Background_rpf_expo_par0: -1.721039503817633 +/- 0.10596496179366194
Background_rpf_expo_par1: -0.9252577177277582 +/- 0.004579847049383685
