Background_rpf_expo_par0: 1.05406526972631 +/- 0.09694500546337399
Background_rpf_expo_par1: -1.7024567898061875 +/- 0.004282872624968695
