Background_rpf_expo_par0: -1.721176874808929 +/- 0.10695826132249364
Background_rpf_expo_par1: -0.9252606115224551 +/- 0.004600404548059397
