Background_rpf_expo_par0: -1.721132623099015 +/- 0.10595562014639215
Background_rpf_expo_par1: -0.9252561387124907 +/- 0.0045797513347869585
