Background_rpf_expo_par0: -1.7206892233687328 +/- 0.15230150135924128
Background_rpf_expo_par1: -0.9252384936434974 +/- 0.005454102151225809
