Background_rpf_expo_par0: -1.7209837397431689 +/- 0.10593913148720471
Background_rpf_expo_par1: -0.925252907678198 +/- 0.00457952103885607
