Background_rpf_expo_par0: 2.5883134591892905 +/- 0.30948200035865137
Background_rpf_expo_par1: -1.5677752776028542 +/- 0.009140811043278388
