Background_rpf_expo_par0: 2.717175645517993 +/- 0.3257296920855395
Background_rpf_expo_par1: -3.2926508004222073 +/- 0.013762021017566394
