Background_rpf_expo_par0: 2.7134810269353955 +/- 0.325697455242065
Background_rpf_expo_par1: -3.2928109327278174 +/- 0.01376181498260625
