Background_rpf_expo_par0: -1.7209166120586497 +/- 0.10595114685096026
Background_rpf_expo_par1: -0.925248665145992 +/- 0.004579261927619644
