Background_rpf_expo_par0: -1.7211937128203738 +/- 0.10595224436050706
Background_rpf_expo_par1: -0.9252613969801178 +/- 0.00457972633420492
