Background_rpf_expo_par0: -1.7212090313762192 +/- 0.10596205280108904
Background_rpf_expo_par1: -0.9252604207435271 +/- 0.004579791484104992
