Background_rpf_expo_par0: -1.7214201828907214 +/- 0.10595243661290245
Background_rpf_expo_par1: -0.9252728749473927 +/- 0.004579543294151843
