Background_rpf_expo_par0: -1.7212397374990067 +/- 0.10636049821884713
Background_rpf_expo_par1: -0.925253287702573 +/- 0.004587123140421716
