Background_rpf_expo_par0: -1.7210742126442355 +/- 0.1059557210237589
Background_rpf_expo_par1: -0.9252543717899102 +/- 0.0045797525993018385
