Background_rpf_expo_par0: 0.7311962778050047 +/- 0.11978181969876059
Background_rpf_expo_par1: -1.4902104990354674 +/- 0.005236078944503721
