Background_rpf_expo_par0: -1.7211792647634516 +/- 0.10595402035288078
Background_rpf_expo_par1: -0.9252606768181965 +/- 0.004579644983796381
