Background_rpf_expo_par0: 1.775611720607999 +/- 0.14161528767709153
Background_rpf_expo_par1: -1.4350303209283113 +/- 0.006554085148767327
