Background_rpf_expo_par0: -0.9999998756881587 +/- 0.11468841150613251
Background_rpf_expo_par1: -0.9008875461902964 +/- 0.004925360143139453
