Background_rpf_expo_par0: -1.7212682094939806 +/- 0.10596015597038355
Background_rpf_expo_par1: -0.9252562137677455 +/- 0.0045798769656118146
