Background_rpf_expo_par0: -1.721289432439537 +/- 0.10595499532279859
Background_rpf_expo_par1: -0.925263442362834 +/- 0.004579670666343766
