Background_rpf_expo_par0: -1.7208676029315035 +/- 0.10595444894544831
Background_rpf_expo_par1: -0.925250622438389 +/- 0.004579650899394327
