Background_rpf_expo_par0: 1.9749136345710383 +/- 0.12278225139597317
Background_rpf_expo_par1: -1.776888431959803 +/- 0.005610095275939791
