Background_rpf_expo_par0: -1.7214012684912088 +/- 0.10595498637718824
Background_rpf_expo_par1: -0.9252629068145992 +/- 0.004579737858224591
