Background_rpf_expo_par0: 0.6902118435095133 +/- 0.11870710567003996
Background_rpf_expo_par1: -1.4913631519417658 +/- 0.005216637466089932
