Background_rpf_expo_par0: 1.2581936978566053 +/- 0.14434502591782314
Background_rpf_expo_par1: -1.6935770759254694 +/- 0.006335459007314755
