Background_rpf_expo_par0: -1.7215766836824178 +/- 0.10595390919598827
Background_rpf_expo_par1: -0.9252820453892211 +/- 0.004579652563613567
