Background_rpf_expo_par0: -1.7618225940631058 +/- 0.1144642194978441
Background_rpf_expo_par1: -0.9270329002480158 +/- 0.004927657551247676
