Background_fail_par0: 1.5180960785150929e-05 +/- 0.0
Background_fail_par1: 1.4517540813701317 +/- 1.3370926104534935
Background_fail_par2: 7.784939045840381 +/- 0.0
