Background_rpf_expo_par0: -1.721042312447371 +/- 0.10595420316483041
Background_rpf_expo_par1: -0.9252563086279324 +/- 0.004579647702749763
