Background_rpf_expo_par0: -1.7210393444178016 +/- 0.10595456774886906
Background_rpf_expo_par1: -0.9252589006665457 +/- 0.004579573118062458
