Background_rpf_expo_par0: -1.7629945071030826 +/- 0.11364117358523769
Background_rpf_expo_par1: -0.9270721729251661 +/- 0.004912660184904706
