Background_rpf_expo_par0: -1.7211253802661368 +/- 0.10372533015229661
Background_rpf_expo_par1: -0.9252654140133921 +/- 0.0045331030542296955
