Background_rpf_expo_par0: -1.720836046282233 +/- 0.10595324679534494
Background_rpf_expo_par1: -0.9252588832831179 +/- 0.004579556107540541
