Background_rpf_expo_par0: -1.720617540455281 +/- 0.10595452820039368
Background_rpf_expo_par1: -0.9252380552996484 +/- 0.004579646825940708
