Background_rpf_expo_par0: -1.7210156747244403 +/- 0.10595433032246482
Background_rpf_expo_par1: -0.9252570782783903 +/- 0.004579650862132545
