Background_rpf_expo_par0: -1.7210866660361783 +/- 0.10595424764625522
Background_rpf_expo_par1: -0.925260311898346 +/- 0.004579650749967585
