Background_rpf_expo_par0: -1.72148839445894 +/- 0.10595377366460605
Background_rpf_expo_par1: -0.9252726039767388 +/- 0.004579644614160878
