Background_rpf_expo_par0: -1.7212495372244747 +/- 0.10595407489613531
Background_rpf_expo_par1: -0.9252684323949922 +/- 0.004579650003879005
