Background_rpf_expo_par0: -1.7212619721977613 +/- 0.10594941232652268
Background_rpf_expo_par1: -0.9252715486198719 +/- 0.004579521134645274
