Background_rpf_expo_par0: 0.23136949155365455 +/- 0.2522583304513831
Background_rpf_expo_par1: 0.09522877944843841 +/- 0.012140870704766448
