Background_rpf_expo_par0: 0.23124842212735489 +/- 0.2522865371962261
Background_rpf_expo_par1: 0.09522177365686321 +/- 0.012141053273657698
