Background_rpf_expo_par0: -1.7206507747520134 +/- 0.1059560485018513
Background_rpf_expo_par1: -0.9252379780125993 +/- 0.004579752949557263
