Background_rpf_expo_par0: -1.7209547027816487 +/- 0.10595244938928376
Background_rpf_expo_par1: -0.9252594428834254 +/- 0.0045795378117178135
