Background_rpf_expo_par0: 1.0552992705143298 +/- 0.09695722975830022
Background_rpf_expo_par1: -1.7024091190695128 +/- 0.004283162029457686
