Background_rpf_expo_par0: -1.7207038813094133 +/- 0.10594839429271216
Background_rpf_expo_par1: -0.9252503137206358 +/- 0.004579418955149199
