Background_rpf_expo_par0: -1.7208571246604627 +/- 0.10595444330581236
Background_rpf_expo_par1: -0.9252463021575013 +/- 0.004579649245096347
