Background_rpf_expo_par0: -1.721137347921105 +/- 0.10592121964889913
Background_rpf_expo_par1: -0.9252572638268283 +/- 0.004578255344341358
