Background_rpf_expo_par0: 1.2539982144285229 +/- 0.14429784194531625
Background_rpf_expo_par1: -1.6937274641027003 +/- 0.00633469221995734
