Background_rpf_expo_par0: -1.7213383989368414 +/- 0.10595250279578237
Background_rpf_expo_par1: -0.9252706669256637 +/- 0.004579544233118659
