Background_rpf_expo_par0: -1.7211670431420203 +/- 0.10595561031140306
Background_rpf_expo_par1: -0.9252592480898975 +/- 0.004579752294570071
