Background_rpf_expo_par0: -1.7212299260644852 +/- 0.10595399473246793
Background_rpf_expo_par1: -0.925262839026478 +/- 0.004579645562378073
