Background_rpf_expo_par0: -1.7207891252631162 +/- 0.10595438974198272
Background_rpf_expo_par1: -0.9252457269992881 +/- 0.004579646857391265
