Background_rpf_expo_par0: -1.7210143388568468 +/- 0.10595443512436227
Background_rpf_expo_par1: -0.9252594739960801 +/- 0.004579654936748366
