Background_rpf_expo_par0: -1.7210775123409376 +/- 0.10595281984227667
Background_rpf_expo_par1: -0.9252598005640559 +/- 0.004578685699539658
