Background_rpf_expo_par0: -1.7212433720604896 +/- 0.10595555342981122
Background_rpf_expo_par1: -0.9252634390879098 +/- 0.004579752767621744
