Background_rpf_expo_par0: -1.7632311655356636 +/- 0.11364713015431982
Background_rpf_expo_par1: -0.9270562769220819 +/- 0.004912893347576187
