Background_fail_par0: 8.117736300869427e-09 +/- 0.0
Background_fail_par1: 15.506772128894838 +/- 0.0
Background_fail_par2: 1.0620811376748605 +/- 0.5726479215340208
