Background_rpf_expo_par0: -1.7210928108793593 +/- 0.10308320601248522
Background_rpf_expo_par1: -0.9252560701078133 +/- 0.004530134727607262
