Background_rpf_expo_par0: -1.721149488245025 +/- 0.10590586982418036
Background_rpf_expo_par1: -0.9252590741118485 +/- 0.004579556800441114
