Background_rpf_expo_par0: -1.721190605384466 +/- 0.14930016712388622
Background_rpf_expo_par1: -0.9252654337268539 +/- 0.0053852219987650125
