Background_rpf_expo_par0: -1.7212154180367305 +/- 0.10632407262819665
Background_rpf_expo_par1: -0.9252659081460647 +/- 0.004586404675421731
