Background_rpf_expo_par0: 1.975021922776833 +/- 0.12237258436464044
Background_rpf_expo_par1: -1.7768813945221678 +/- 0.00560055027916548
