Background_rpf_expo_par0: 2.1579834405146507 +/- 0.15528282934423737
Background_rpf_expo_par1: -1.5773208078481047 +/- 0.006709903491571992
