Background_rpf_expo_par0: -1.7215045654315928 +/- 0.010309663223845673
Background_rpf_expo_par1: -0.9252783973009688 +/- 0.0004564040177386093
