Background_rpf_expo_par0: -1.7211533358235322 +/- 0.10595408040588446
Background_rpf_expo_par1: -0.9252601519614524 +/- 0.0045796457012019474
