Background_rpf_expo_par0: -1.7212869666425623 +/- 0.10595395976280064
Background_rpf_expo_par1: -0.925265155811331 +/- 0.004579645553563234
