Background_rpf_expo_par0: -1.7212132811049738 +/- 0.10596029550183364
Background_rpf_expo_par1: -0.9252557997082635 +/- 0.0045798808579729944
