Background_rpf_expo_par0: -1.7206564770350532 +/- 0.10595476873044524
Background_rpf_expo_par1: -0.9252447060320745 +/- 0.004579653977004521
