Background_rpf_expo_par0: -1.7188117815140131 +/- 0.10544558490491755
Background_rpf_expo_par1: -0.9251562200300276 +/- 0.004577332413852696
