Background_rpf_expo_par0: -1.7207918959694541 +/- 0.10595434736063705
Background_rpf_expo_par1: -0.9252394527550014 +/- 0.004579643339418351
