Background_rpf_expo_par0: 1.0539929736478608 +/- 0.052651755532385214
Background_rpf_expo_par1: -1.702455517711813 +/- 0.0023210058980827064
