Background_rpf_expo_par0: 1.0545487838494605 +/- 0.09694769938186876
Background_rpf_expo_par1: -1.7024388846092995 +/- 0.0042830001966274985
