Background_rpf_expo_par0: -1.721172045645758 +/- 0.1059554998531995
Background_rpf_expo_par1: -0.9252586151580553 +/- 0.004579748629976369
