Background_rpf_expo_par0: 1.0539773386248197 +/- 0.09694682383249499
Background_rpf_expo_par1: -1.7024645939178487 +/- 0.004282997537753965
