Background_rpf_expo_par0: 1.0541747827253982 +/- 0.09694685942204227
Background_rpf_expo_par1: -1.7024495268291007 +/- 0.004282988707564965
