Background_rpf_expo_par0: -1.7210874977848425 +/- 0.2488218812363145
Background_rpf_expo_par1: -0.9252574533598475 +/- 0.007399632580363498
