Background_rpf_expo2_par0: -0.9299353601412611 +/- 0.009423637949090324
Background_rpf_expo2_par1: 1.9047838232014227 +/- 0.4112640492020529
Background_rpf_expo2_par2: -1.0868498728977583 +/- 3.0152304005044734
