Background_rpf_2x0_par0: 1.7136845517812977 +/- 0.0
Background_rpf_2x0_par1: -2.1410947525132067 +/- 0.1195119553284465
Background_rpf_2x0_par2: 2.17616463533667 +/- 0.38736643713962543
Background_rpf_2x0_par3: 1.06667707374974 +/- 0.0039834410598130225
