Background_rpf_2x0_par0: 1.6907863608909366 +/- 0.0
Background_rpf_2x0_par1: -2.112949215017873 +/- 0.1141513103761613
Background_rpf_2x0_par2: 2.148186854845746 +/- 0.36157266241304464
Background_rpf_2x0_par3: 1.0811340232957514 +/- 0.003992769598397568
