Background_rpf_expo_par0: 2.28559253251784 +/- 0.22190215342226569
Background_rpf_expo_par1: -1.7689732608289068 +/- 0.007308125353014076
