Background_rpf_expo_par0: -1.7210310252852952 +/- 0.105948048147594
Background_rpf_expo_par1: -0.9252626203165089 +/- 0.004579416541611404
