Background_rpf_expo_par0: -1.721304665390818 +/- 0.10599196947405407
Background_rpf_expo_par1: -0.9252625524222071 +/- 0.004580367371130086
