Background_rpf_expo_par0: -1.7215159775322542 +/- 0.10595516323452017
Background_rpf_expo_par1: -0.9252712385760273 +/- 0.004579746623234407
