Background_rpf_expo_par0: -1.7207070389757246 +/- 0.10594959612550824
Background_rpf_expo_par1: -0.9252427575670826 +/- 0.004579512508878347
