Background_rpf_expo_par0: 2.1889244156197796 +/- 0.09429881273589534
Background_rpf_expo_par1: -0.9524719774605064 +/- 0.0043557549485925585
