Background_rpf_expo_par0: -1.7622862222243902 +/- 0.11364162164495714
Background_rpf_expo_par1: -0.9270362374606557 +/- 0.0049126530417837894
