Background_fail_par0: 99.99999915603462 +/- 91.46527661296089
Background_fail_par1: -20.581396771719078 +/- 2.893831353868024
