Background_rpf_expo_par0: -1.7212146420352155 +/- 0.10595249796535143
Background_rpf_expo_par1: -0.9252675019449466 +/- 0.004579541387833031
