Background_rpf_expo_par0: -1.7208433003487722 +/- 0.10595755185069736
Background_rpf_expo_par1: -0.9252507312949496 +/- 0.004579689514771902
