Background_rpf_expo_par0: 1.330778560880024 +/- 0.22133514888782505
Background_rpf_expo_par1: -1.6960909861813656 +/- 0.0063373038586507805
