Background_rpf_expo_par0: -1.7211159875628235 +/- 0.10567872202801865
Background_rpf_expo_par1: -0.9252596819764627 +/- 0.004566293105009775
