Background_rpf_expo_par0: -1.7202788150689328 +/- 0.010297170115753793
Background_rpf_expo_par1: -0.9252175533428846 +/- 0.00045707573865400735
