Background_rpf_expo_par0: 1.0543315780275184 +/- 0.09694721127499444
Background_rpf_expo_par1: -1.70244309056722 +/- 0.004282992364228779
