Background_rpf_expo_par0: -1.7212874216441578 +/- 0.10531849848831866
Background_rpf_expo_par1: -0.9252646425494069 +/- 0.004532764814370691
