Background_rpf_expo_par0: 0.835408762789536 +/- 0.1670425987575421
Background_rpf_expo_par1: -1.4874044856182578 +/- 0.00611682689100673
