Background_rpf_expo_par0: -1.7210370951474865 +/- 0.10596451093576274
Background_rpf_expo_par1: -0.9252637189066072 +/- 0.004579781166795321
