Background_rpf_expo_par0: -1.721165018911535 +/- 0.010165567859908157
Background_rpf_expo_par1: -0.92526819993425 +/- 0.0004496507289666447
