Background_rpf_expo_par0: -1.762333251604554 +/- 0.11364140808987243
Background_rpf_expo_par1: -0.9270415132709048 +/- 0.004912654349258989
