Background_rpf_expo_par0: -1.762236872692495 +/- 0.11364301271826756
Background_rpf_expo_par1: -0.9270206152527007 +/- 0.004912761558800267
