Background_rpf_expo_par0: -1.762263237291807 +/- 0.11364320058756319
Background_rpf_expo_par1: -0.9270339751690756 +/- 0.004912771521275834
