Background_rpf_expo_par0: 1.634543803290537 +/- 0.13149361054630979
Background_rpf_expo_par1: -1.4056832384605626 +/- 0.005691422450881134
