Background_rpf_expo_par0: -1.720865988705506 +/- 0.10594958794353815
Background_rpf_expo_par1: -0.9252498740647614 +/- 0.004579516229670919
