Background_rpf_1x0_par0: 3.940155010402674 +/- 0.021214158574379957
Background_rpf_1x0_par1: 7.816852726226959 +/- 0.5309573568917197
