Background_rpf_1x0_par0: 3.9400386816003325 +/- 0.02121427766123987
Background_rpf_1x0_par1: 7.8195028001058215 +/- 0.5309785776615258
