Background_rpf_expo_par0: -1.7205381941300544 +/- 0.10595605150528781
Background_rpf_expo_par1: -0.9252326049090986 +/- 0.004579749882728439
