Background_rpf_expo_par0: 2.955879731664791 +/- 0.11064902622323804
Background_rpf_expo_par1: -4.739782837472874 +/- 0.010015556300641078
