Background_rpf_expo_par0: 2.955864174046206 +/- 0.11096730294062271
Background_rpf_expo_par1: -4.739794383560059 +/- 0.01002843958620592
