Background_rpf_expo_par0: -1.721169237528837 +/- 0.10595556528997724
Background_rpf_expo_par1: -0.9252584626979063 +/- 0.004579750868996462
