Background_rpf_expo_par0: -1.721243748257551 +/- 0.10595555705191076
Background_rpf_expo_par1: -0.9252625284811357 +/- 0.00457975249246942
