Background_rpf_expo_par0: -1.7206965896820106 +/- 0.10678605871031667
Background_rpf_expo_par1: -0.9252313153711924 +/- 0.004594897196177195
