Background_rpf_expo_par0: -1.7211470509032443 +/- 0.10595416803699287
Background_rpf_expo_par1: -0.9252618206320202 +/- 0.004579649429983817
