Background_rpf_expo_par0: -1.72118199942705 +/- 0.10595407505525255
Background_rpf_expo_par1: -0.9252615107900779 +/- 0.004579647078512205
