Background_rpf_expo_par0: -1.7210403351391572 +/- 0.1059554508290961
Background_rpf_expo_par1: -0.9252475703092022 +/- 0.004579742574969228
