Background_rpf_expo_par0: -1.7217664413860936 +/- 0.10595200937569203
Background_rpf_expo_par1: -0.9252902370766303 +/- 0.004579540097874445
