Background_rpf_expo_par0: -1.723165194859394 +/- 0.10595469229593925
Background_rpf_expo_par1: -0.9253541558307308 +/- 0.004578796785382712
