Background_rpf_expo_par0: 1.1659414672865864 +/- 0.13674940574964062
Background_rpf_expo_par1: -1.6995325953428038 +/- 0.005023700376441884
