Background_rpf_expo_par0: 2.0099742863508006 +/- 0.13280215221744274
Background_rpf_expo_par1: -1.7758178695669096 +/- 0.0058245172986987875
