Background_rpf_expo_par0: -1.7623577000304513 +/- 0.11342623877594382
Background_rpf_expo_par1: -0.9270382852945938 +/- 0.004905092595964222
