Background_rpf_expo_par0: -1.7212220586786924 +/- 0.10595458664222095
Background_rpf_expo_par1: -0.925260380525314 +/- 0.004579656618015989
