Background_rpf_expo_par0: -1.7618297871922122 +/- 0.16122434863878154
Background_rpf_expo_par1: -0.9270251280618726 +/- 0.005809507930754902
