Background_rpf_expo_par0: -1.7211603550879 +/- 0.10595263213530469
Background_rpf_expo_par1: -0.9252642672778729 +/- 0.004579544036005515
