Background_fail_par0: 99.99989820315989 +/- 91.44153643386662
Background_fail_par1: -20.58293549959604 +/- 2.444587888279538
