Background_rpf_expo_par0: -1.762702991511305 +/- 0.2658830613546629
Background_rpf_expo_par1: -0.9270469923831428 +/- 0.007491519043793213
