Background_rpf_expo_par0: -1.7627318363721671 +/- 0.11801125950688018
Background_rpf_expo_par1: -0.9270475372307654 +/- 0.004873305145063526
