Background_rpf_expo_par0: -1.7627318363721671 +/- 0.11314042562682769
Background_rpf_expo_par1: -0.9270475372307654 +/- 0.0048959164587594195
