Background_rpf_expo_par0: -1.7624568529889193 +/- 0.1136412578260836
Background_rpf_expo_par1: -0.9270486738210548 +/- 0.004912650386478308
