Background_rpf_expo_par0: -1.762235827879547 +/- 0.2646592252380453
Background_rpf_expo_par1: -0.927045714059973 +/- 0.007467258874236286
