Background_rpf_expo_par0: -1.7211727287765592 +/- 0.10595576416853106
Background_rpf_expo_par1: -0.9252594862816705 +/- 0.0045797545035979595
