Background_rpf_expo_par0: -1.7207932159719805 +/- 0.10595606168132397
Background_rpf_expo_par1: -0.9252384737037 +/- 0.004579754804327515
