Background_rpf_expo_par0: -1.7200058694882863 +/- 0.10604545435915269
Background_rpf_expo_par1: -0.925210909840932 +/- 0.004581472603417307
