Background_rpf_expo_par0: -1.7210111450095924 +/- 0.10275956660003174
Background_rpf_expo_par1: -0.9252542003025934 +/- 0.004174893064185493
