Background_rpf_expo_par0: -1.7211686362374385 +/- 0.010114964270174397
Background_rpf_expo_par1: -0.9252622599584848 +/- 0.0004645631129642318
