Background_fail_par0: 99.99750228950234 +/- 225.21550863613783
Background_fail_par1: -21.68043417416098 +/- 16.564233240687823
