Background_rpf_expo_par0: -1.7632444844255746 +/- 0.11433540766496116
Background_rpf_expo_par1: -0.9270952524535557 +/- 0.004921689505646905
