Background_rpf_expo_par0: -1.720811947149481 +/- 0.010227034083290149
Background_rpf_expo_par1: -0.925253478196743 +/- 0.00045026070408641386
