Background_rpf_expo_par0: -1.7207878026408547 +/- 0.1059530073002651
Background_rpf_expo_par1: -0.925251221625205 +/- 0.004579547695823779
