Background_rpf_expo_par0: -1.7208852145588078 +/- 0.10965290100235778
Background_rpf_expo_par1: -0.9252487290044628 +/- 0.004645824399221595
