Background_rpf_expo_par0: -1.7211593666841927 +/- 0.10379186275859129
Background_rpf_expo_par1: -0.9252639782862123 +/- 0.004568997133743327
