Background_rpf_expo_par0: -1.720754241786617 +/- 0.09827181747298995
Background_rpf_expo_par1: -0.925242340923575 +/- 0.004484785830621449
