Background_rpf_expo_par0: -1.7211501371463405 +/- 0.010087841436483357
Background_rpf_expo_par1: -0.9252599685209463 +/- 0.0004573074709037614
