Background_rpf_expo_par0: 1.9746082435686294 +/- 0.12204133776508302
Background_rpf_expo_par1: -1.7769014314386287 +/- 0.00559300869519594
