Background_rpf_expo_par0: -1.7213327170241892 +/- 0.10600197216532337
Background_rpf_expo_par1: -0.9252574883528544 +/- 0.004580647842806182
