Background_fail_par0: 0.41584841962123265 +/- 0.828124272799606
Background_fail_par1: -4.51984934253564 +/- 3.693020799232687
