Background_rpf_1x0_par0: 0.8306864380992584 +/- 0.0036907050090290304
Background_rpf_1x0_par1: -1.2940993795549085 +/- 0.07109349448099025
