Background_rpf_1x0_par0: 0.8306876317645964 +/- 0.003667788066796268
Background_rpf_1x0_par1: -1.29411195446787 +/- 0.07016214916190903
