Background_fail_par0: 0.4182608031055713 +/- 0.8607217085578872
Background_fail_par1: -4.52973382967282 +/- 3.823035030699816
