Background_rpf_expo_par0: -1.7211175439682131 +/- 0.10950330981117819
Background_rpf_expo_par1: -0.9252554009284447 +/- 0.004618030106406706
