Background_rpf_1x0_par0: 4.374078800794304 +/- 0.013720301343770247
Background_rpf_1x0_par1: -1.7973697530315746e-10 +/- 0.0
