Background_rpf_1x0_par0: 4.374059326960413 +/- 0.021810203664948877
Background_rpf_1x0_par1: -5.568240313280626e-12 +/- 0.4769870254700872
