Background_rpf_expo_par0: -1.7211219980567136 +/- 0.010326113800228026
Background_rpf_expo_par1: -0.9252577293217576 +/- 0.0004409015843959933
