Background_rpf_expo_par0: -1.7210355214524695 +/- 0.10595427714111834
Background_rpf_expo_par1: -0.9252578246424674 +/- 0.004579650079046
