Background_rpf_expo_par0: -1.7210231234914852 +/- 0.10595421457443453
Background_rpf_expo_par1: -0.9252571533812424 +/- 0.004579647885051104
