Background_rpf_expo_par0: -1.7211572675124989 +/- 0.10595314244996158
Background_rpf_expo_par1: -0.9252624308110036 +/- 0.004446447560465962
