Background_rpf_expo_par0: -1.7212326911082647 +/- 0.10595542432733056
Background_rpf_expo_par1: -0.9252630123594285 +/- 0.004579748176086849
