Background_rpf_expo_par0: -1.7211221106798325 +/- 0.10670951203542552
Background_rpf_expo_par1: -0.9252597002349366 +/- 0.0045935536645825194
