Background_rpf_expo_par0: -1.7212324770714764 +/- 0.10595403045304266
Background_rpf_expo_par1: -0.9252632345726927 +/- 0.004579646501158282
