Background_rpf_expo_par0: -1.721206627154788 +/- 0.10595402298322878
Background_rpf_expo_par1: -0.9252632457871912 +/- 0.00457964644654461
