Background_rpf_expo_par0: -1.721139545269689 +/- 0.10595425165505094
Background_rpf_expo_par1: -0.9252588023681039 +/- 0.0045796486043335315
