Background_rpf_expo_par0: -1.720851477036112 +/- 0.01018177255865408
Background_rpf_expo_par1: -0.9252369913857578 +/- 0.00044976215363154757
