Background_rpf_expo_par0: 1.0550989035712635 +/- 0.09761541478112856
Background_rpf_expo_par1: -1.702424947393631 +/- 0.004265321504674957
