Background_rpf_expo_par0: -1.7212431562139636 +/- 0.10595396565202841
Background_rpf_expo_par1: -0.9252607786304221 +/- 0.004579643723693103
