Background_rpf_expo_par0: -1.7208375548168489 +/- 0.10595442403016307
Background_rpf_expo_par1: -0.9252512914749389 +/- 0.004579650075205318
