Background_rpf_expo_par0: -1.7208468195409763 +/- 0.14782851236194922
Background_rpf_expo_par1: -0.9252352770958784 +/- 0.005367316876525952
