Background_rpf_expo_par0: -1.7209907732164864 +/- 0.2683280083214851
Background_rpf_expo_par1: -0.9252522008813636 +/- 0.007268403216482009
