Background_rpf_expo_par0: -1.7211764346796954 +/- 0.10595393736587566
Background_rpf_expo_par1: -0.9252591581476148 +/- 0.004579642385207196
