Background_rpf_expo_par0: -1.7211433128266473 +/- 0.10592236811080542
Background_rpf_expo_par1: -0.9252616636914213 +/- 0.004572495192151773
