Background_rpf_expo_par0: -1.7210144523866653 +/- 0.10595960978985289
Background_rpf_expo_par1: -0.9252512377935476 +/- 0.0045797887568566915
