Background_rpf_expo_par0: -1.720849805801472 +/- 0.10593230988511265
Background_rpf_expo_par1: -0.9252553892747885 +/- 0.004578760942392838
