Background_rpf_expo_par0: -1.7205587317004147 +/- 0.010246239253499503
Background_rpf_expo_par1: -0.925239175603994 +/- 0.00044292444951344744
