Background_rpf_expo_par0: -1.7212074521874132 +/- 0.1059554090067468
Background_rpf_expo_par1: -0.9252575723236499 +/- 0.004579746022893131
