Background_rpf_expo_par0: -1.7211367874927601 +/- 0.10594779091725895
Background_rpf_expo_par1: -0.925264911796355 +/- 0.0045794106653082095
