Background_rpf_expo_par0: 1.063581099269816 +/- 0.09833601926709774
Background_rpf_expo_par1: -1.7021824280436242 +/- 0.004307438571113158
