Background_rpf_expo_par0: -1.7623849973254222 +/- 0.11364354326615878
Background_rpf_expo_par1: -0.9270381348265313 +/- 0.004912779035596311
