Background_fail_par0: 99.99999999988884 +/- 91.50578133658368
Background_fail_par1: -20.58145796151106 +/- 2.993707941324073
