Background_rpf_expo_par0: -1.7209611262633542 +/- 0.10595583071178355
Background_rpf_expo_par1: -0.9252517745216886 +/- 0.004579753888782205
