Background_rpf_expo_par0: -1.7211757109549761 +/- 0.10595263790340996
Background_rpf_expo_par1: -0.9252630192518414 +/- 0.004579541968825145
