Background_rpf_expo_par0: -1.7204965283074702 +/- 0.010193790011684847
Background_rpf_expo_par1: -0.9252350890902101 +/- 0.00046654462431896653
