Background_rpf_expo_par0: -1.7211310397092372 +/- 0.010264248839397342
Background_rpf_expo_par1: -0.9252584331022985 +/- 0.00045445075972149455
