Background_rpf_expo_par0: -1.7209715515585935 +/- 0.10595422894600254
Background_rpf_expo_par1: -0.9252528924989252 +/- 0.004579646825911035
