Background_rpf_expo_par0: -1.721083301534489 +/- 0.10599721624122527
Background_rpf_expo_par1: -0.9252532923846208 +/- 0.004580523833263081
