Background_rpf_expo_par0: -1.7211757662748222 +/- 0.10604957430182296
Background_rpf_expo_par1: -0.925257269751357 +/- 0.0045809971467591065
