Background_rpf_expo_par0: -1.7211339958761795 +/- 0.10595438440842786
Background_rpf_expo_par1: -0.9252584953433931 +/- 0.004579651131733029
