Background_rpf_expo_par0: -1.7211167402865515 +/- 0.010313168860770902
Background_rpf_expo_par1: -0.9252611660882509 +/- 0.0004558197660791079
