Background_rpf_expo_par0: -1.7208163321192251 +/- 0.10650582100620505
Background_rpf_expo_par1: -0.9252416392073108 +/- 0.004590090616235486
