Background_rpf_expo_par0: -1.7211301439699787 +/- 0.10595421627733109
Background_rpf_expo_par1: -0.9252611870055507 +/- 0.004579650398336741
