Background_rpf_expo_par0: -1.7212298937501205 +/- 0.10595410310770617
Background_rpf_expo_par1: -0.9252670799277195 +/- 0.004579649911429983
