Background_rpf_expo_par0: -1.7211659398888397 +/- 0.10595439709582026
Background_rpf_expo_par1: -0.9252624856523232 +/- 0.00457965263638686
