Background_rpf_expo_par0: 0.7064394757655942 +/- 0.11926413591615405
Background_rpf_expo_par1: -1.4909110051006347 +/- 0.005226955343930161
