Background_rpf_3x0_par0: 6.457817011995892 +/- 0.10806858402140411
Background_rpf_3x0_par1: 6.405246296728413 +/- 0.5308858907533405
Background_rpf_3x0_par2: 10.804916907066334 +/- 1.605954687988043
Background_rpf_3x0_par3: -49.999832846849955 +/- 0.0
Background_rpf_3x0_par4: 0.6537148477399398 +/- 0.01086278479236395
