Background_rpf_3x0_par0: 6.560516586382876 +/- 0.11415385815513444
Background_rpf_3x0_par1: 6.591070554226628 +/- 0.5357953105742754
Background_rpf_3x0_par2: 10.302758311202908 +/- 1.6124125315143731
Background_rpf_3x0_par3: -49.98905236206998 +/- 0.0
Background_rpf_3x0_par4: 0.643339828375818 +/- 0.011081113441378108
