Background_rpf_expo_par0: -1.7211383750391371 +/- 0.10595427865329905
Background_rpf_expo_par1: -0.9252592509963851 +/- 0.004579649450257569
