Background_rpf_expo_par0: -1.721247260646812 +/- 0.10595406246299813
Background_rpf_expo_par1: -0.9252661257747107 +/- 0.004579648785150412
