Background_rpf_expo_par0: -1.7212622943612554 +/- 0.10595548249161355
Background_rpf_expo_par1: -0.9252631106761411 +/- 0.004579750891555995
