Background_rpf_expo_par0: 2.44957991156421 +/- 0.2601345572493143
Background_rpf_expo_par1: -2.864290063331313 +/- 0.011077313548031499
