Background_rpf_expo_par0: 2.4495164686932274 +/- 0.2601133746498251
Background_rpf_expo_par1: -2.864293276841491 +/- 0.011076921049178835
