Background_rpf_expo_par0: -1.721084246898947 +/- 0.10522945577744704
Background_rpf_expo_par1: -0.9252612910690873 +/- 0.004558469887588197
