Background_rpf_expo_par0: 1.0542023910376188 +/- 0.09694742812012569
Background_rpf_expo_par1: -1.7024478342877145 +/- 0.004282998076567618
