Background_rpf_expo_par0: 1.974408297044859 +/- 0.12218036462323012
Background_rpf_expo_par1: -1.7769128830945835 +/- 0.005596378901741413
