Background_rpf_expo_par0: -1.7208405559711377 +/- 0.10479268445467524
Background_rpf_expo_par1: -0.9252492032638109 +/- 0.004572684580774508
