Background_rpf_expo_par0: -1.7197800926342623 +/- 0.10595021090891445
Background_rpf_expo_par1: -0.9252023596448443 +/- 0.004579711725114835
