Background_rpf_expo_par0: 1.054201952619432 +/- 0.09694927325836776
Background_rpf_expo_par1: -1.702447753619548 +/- 0.004283032718896182
