Background_rpf_expo_par0: -1.7623436884001547 +/- 0.11364208608608481
Background_rpf_expo_par1: -0.9270391260602012 +/- 0.0049126629012240354
