Background_rpf_expo_par0: -1.7202989758704086 +/- 0.10596895500462121
Background_rpf_expo_par1: -0.9252228928587584 +/- 0.0045798694393496585
