Background_rpf_expo_par0: -1.7209080986740066 +/- 0.10596065048796956
Background_rpf_expo_par1: -0.9252528602032699 +/- 0.004579688427849098
