Background_rpf_expo_par0: -1.721403345891843 +/- 0.10595521942659895
Background_rpf_expo_par1: -0.9252628381534229 +/- 0.004579742964102335
