Background_rpf_expo_par0: -1.721148120745248 +/- 0.10161869281208732
Background_rpf_expo_par1: -0.9252571717672656 +/- 0.004258499587561114
