Background_rpf_expo_par0: -0.999999999435015 +/- 0.1146870837782584
Background_rpf_expo_par1: -0.9008868322962067 +/- 0.004925325028384497
