Background_rpf_expo_par0: -1.720959408563433 +/- 0.14910554808662477
Background_rpf_expo_par1: -0.9252514554310407 +/- 0.0054448843347833726
