Background_rpf_expo_par0: -1.7211920398178056 +/- 0.0101363515316563
Background_rpf_expo_par1: -0.9252612595535535 +/- 0.0004634341294166523
