Background_rpf_expo_par0: -1.7619728781750745 +/- 0.11364465522709823
Background_rpf_expo_par1: -0.9270266108913567 +/- 0.004912706356027071
