Background_fail_par0: 99.9967994651276 +/- 91.14490426513431
Background_fail_par1: -20.586935511049855 +/- 3.4079086362141315
