Background_rpf_expo_par0: -1.7209986429559876 +/- 0.10599149390152751
Background_rpf_expo_par1: -0.9252562572545275 +/- 0.004580342809189136
