Background_rpf_expo_par0: -1.7210850395468578 +/- 0.10595462350647564
Background_rpf_expo_par1: -0.9252580493143346 +/- 0.004579655315388196
