Background_rpf_expo_par0: 0.9873254291524356 +/- 0.2665718635311952
Background_rpf_expo_par1: -1.4843525505355615 +/- 0.007684445805333773
