Background_rpf_expo_par0: -1.7212183441942326 +/- 0.10531383151051457
Background_rpf_expo_par1: -0.9252644140093004 +/- 0.0045709863220056105
