Background_rpf_expo_par0: -1.7211661140996888 +/- 0.10595546536782173
Background_rpf_expo_par1: -0.9252563496439109 +/- 0.004579747020761811
