Background_rpf_expo_par0: -1.7211189422460078 +/- 0.1059540029890844
Background_rpf_expo_par1: -0.925257326855092 +/- 0.004579642882041731
