Background_rpf_expo_par0: -1.7211293549118154 +/- 0.1059526670943584
Background_rpf_expo_par1: -0.9252625759645281 +/- 0.004579544254404256
