Background_rpf_expo_par0: -1.7212873275030889 +/- 0.10594997067002598
Background_rpf_expo_par1: -0.9252634480582561 +/- 0.004579554254330717
