Background_rpf_expo_par0: -1.721106348881913 +/- 0.1059544114965107
Background_rpf_expo_par1: -0.9252580443992536 +/- 0.004579651411882726
