Background_rpf_expo_par0: -1.720993578393265 +/- 0.1059541062940579
Background_rpf_expo_par1: -0.9252521056274785 +/- 0.004579643013878759
