Background_rpf_expo_par0: -1.720680416755513 +/- 0.1059544799767324
Background_rpf_expo_par1: -0.9252404879833679 +/- 0.004579646967695138
