Background_rpf_expo_par0: -1.7211884573027063 +/- 0.10575505870896036
Background_rpf_expo_par1: -0.9252578482378357 +/- 0.00452980810601567
