Background_rpf_expo_par0: -1.7214154211678234 +/- 0.010342971994116719
Background_rpf_expo_par1: -0.9252716596348793 +/- 0.00045303891991963
