Background_rpf_expo_par0: -1.7211040068493866 +/- 0.10595276756099481
Background_rpf_expo_par1: -0.9252635868875255 +/- 0.004579547661158302
