Background_rpf_expo_par0: -1.7211855332274932 +/- 0.10595402772932982
Background_rpf_expo_par1: -0.9252613880310524 +/- 0.004579645581580487
