Background_rpf_expo_par0: 2.1852694793038747 +/- 0.09342031691907027
Background_rpf_expo_par1: -0.9525934739451234 +/- 0.004335289601302153
