Background_rpf_expo_par0: -1.7203108221033523 +/- 0.10594035227567832
Background_rpf_expo_par1: -0.9252261801773295 +/- 0.004581278258931447
