Background_rpf_expo_par0: -1.7210490652023132 +/- 0.10420629848650921
Background_rpf_expo_par1: -0.9252479836528034 +/- 0.004552387311056102
