Background_rpf_expo_par0: -1.7618597221878154 +/- 0.11364990975830054
Background_rpf_expo_par1: -0.9270241678405495 +/- 0.004912806182317889
