Background_rpf_expo_par0: 1.054346924409797 +/- 0.09694741543119048
Background_rpf_expo_par1: -1.7024444135269037 +/- 0.004282997400166764
