Background_rpf_expo_par0: -1.7209997499622671 +/- 0.10595417611104939
Background_rpf_expo_par1: -0.9252532694458109 +/- 0.004579645346975098
