Background_rpf_expo_par0: 2.185325644424752 +/- 0.09340856028219797
Background_rpf_expo_par1: -0.9525916369006348 +/- 0.004335062161393318
