Background_rpf_expo_par0: -0.9999999994340797 +/- 0.11468759810374715
Background_rpf_expo_par1: -0.9008841239481384 +/- 0.004925337498665513
