Background_rpf_expo_par0: -1.7469143611684639 +/- 0.22556961931600128
Background_rpf_expo_par1: -0.9266145763596713 +/- 0.00732849081838404
