Background_fail_par0: 99.99999982104393 +/- 125.69463928971965
Background_fail_par1: -21.05364030769764 +/- 6.870817251103317
