Background_rpf_expo_par0: 2.225295873202874 +/- 0.09659343961826153
Background_rpf_expo_par1: -0.9513042740049755 +/- 0.004406038233931114
