Background_rpf_expo_par0: -1.720783026003647 +/- 0.10594123429264565
Background_rpf_expo_par1: -0.9252464568307954 +/- 0.004579441667691159
