Background_rpf_expo_par0: -1.7211313611208843 +/- 0.10595273694086528
Background_rpf_expo_par1: -0.9252593947648878 +/- 0.004579545758096341
