Background_rpf_expo_par0: -1.7212577006005991 +/- 0.10595375831579688
Background_rpf_expo_par1: -0.9252601095220732 +/- 0.004579638150423266
