Background_rpf_expo_par0: -1.7209453483398875 +/- 0.20009290354301404
Background_rpf_expo_par1: -0.9252489402782013 +/- 0.006055497487457185
