Background_rpf_expo_par0: -1.7218718162495898 +/- 0.10595347779684937
Background_rpf_expo_par1: -0.9252915740551384 +/- 0.004579646333721371
