Background_rpf_expo_par0: -1.7606502841109115 +/- 0.1136987777700111
Background_rpf_expo_par1: -0.9269934466956729 +/- 0.004913707968265322
