Background_rpf_expo_par0: -1.721103021920711 +/- 0.09464663710508907
Background_rpf_expo_par1: -0.9252596881993701 +/- 0.004206361284887597
