Background_rpf_expo_par0: -1.7211642842566337 +/- 0.10577730658363484
Background_rpf_expo_par1: -0.925267886937881 +/- 0.004576730248773091
