Background_rpf_expo_par0: -1.721127936520891 +/- 0.1059542044248837
Background_rpf_expo_par1: -0.9252611084841493 +/- 0.0045796502878566875
