Background_rpf_expo_par0: -1.721080836524357 +/- 0.10595417076074877
Background_rpf_expo_par1: -0.9252584983780142 +/- 0.004579647797007814
