Background_rpf_expo_par0: -1.7210998580198198 +/- 0.10595421973366233
Background_rpf_expo_par1: -0.9252600708040436 +/- 0.004579649912326969
