Background_rpf_expo_par0: -1.7216628671872152 +/- 0.01023495671852851
Background_rpf_expo_par1: -0.9252763731520263 +/- 0.0004680796311213618
