Background_rpf_expo_par0: -1.7211577235492577 +/- 0.10595427067956698
Background_rpf_expo_par1: -0.9252567974636003 +/- 0.004579647510921734
