Background_rpf_expo_par0: -1.7214867204303668 +/- 0.10595362984912633
Background_rpf_expo_par1: -0.9252715871226249 +/- 0.00457964016326481
