Background_rpf_expo_par0: -1.720654473736361 +/- 0.10605018524087154
Background_rpf_expo_par1: -0.9252394352041778 +/- 0.004557333330923746
