Background_rpf_expo_par0: -1.7211313383829856 +/- 0.01015796335759983
Background_rpf_expo_par1: -0.9252618813150422 +/- 0.0004507148799507522
