Background_rpf_expo_par0: -1.720584716418616 +/- 0.10832227408759339
Background_rpf_expo_par1: -0.9252387645976666 +/- 0.004621870581520831
