Background_rpf_expo_par0: 2.384357024651771 +/- 0.2923686710530821
Background_rpf_expo_par1: -2.5883372702707543 +/- 0.01245758867730687
