Background_rpf_expo_par0: 2.386969975332872 +/- 0.2928350728387266
Background_rpf_expo_par1: -2.5882198353901416 +/- 0.012466524403443787
