Background_rpf_expo_par0: -1.7213027966038408 +/- 0.1059538429245291
Background_rpf_expo_par1: -0.9252668045859966 +/- 0.00457964306010616
