Background_rpf_expo_par0: -1.721657219011399 +/- 0.10595203361549523
Background_rpf_expo_par1: -0.9252818717869158 +/- 0.00457953707763434
