Background_rpf_expo_par0: -1.7211609375915662 +/- 0.17119415012628822
Background_rpf_expo_par1: -0.9252537062239754 +/- 0.005935181124048959
