Background_rpf_expo_par0: 0.6920684033264868 +/- 0.11872907390931613
Background_rpf_expo_par1: -1.4913110531523908 +/- 0.005217029742111412
