Background_rpf_expo_par0: -1.7211472413926654 +/- 0.10595404681677624
Background_rpf_expo_par1: -0.925259772595689 +/- 0.0045796453580875815
