Background_rpf_expo_par0: 1.974790491598212 +/- 0.12139447291101998
Background_rpf_expo_par1: -1.7768899464896575 +/- 0.005577648885007752
