Background_rpf_expo_par0: -1.7211213328314208 +/- 0.10595550220025664
Background_rpf_expo_par1: -0.9252556436757046 +/- 0.004579747220737265
