Background_rpf_expo_par0: 0.6897797938917439 +/- 0.11871225168759368
Background_rpf_expo_par1: -1.4913801052541888 +/- 0.005216703478132806
