Background_rpf_expo_par0: -1.721142913310927 +/- 0.10595409290061863
Background_rpf_expo_par1: -0.9252604077908088 +/- 0.004579646601275217
