Background_rpf_expo_par0: -1.7212233726584893 +/- 0.10595411788175861
Background_rpf_expo_par1: -0.9252640146321659 +/- 0.00457964854126505
