Background_rpf_expo_par0: -1.7623645489039153 +/- 0.11416256380596057
Background_rpf_expo_par1: -0.9270360033747266 +/- 0.004927201783086699
