Background_rpf_expo_par0: -1.7212852238434875 +/- 0.10595410787160786
Background_rpf_expo_par1: -0.9252684873418701 +/- 0.004579650835736587
