Background_rpf_expo_par0: -1.7211011750132428 +/- 0.10595411774897508
Background_rpf_expo_par1: -0.9252573578513479 +/- 0.004579645892204695
