Background_rpf_expo_par0: 1.9744038562506665 +/- 0.12340355052265058
Background_rpf_expo_par1: -1.7768963420892483 +/- 0.005624305822786617
