Background_rpf_expo_par0: -1.7208759231457138 +/- 0.10598844241361274
Background_rpf_expo_par1: -0.9252531321641007 +/- 0.004580199064503527
