Background_rpf_expo_par0: -1.7214211752992734 +/- 0.10595012774692258
Background_rpf_expo_par1: -0.9252773271832916 +/- 0.004579534150937267
