Background_rpf_expo_par0: 1.0541859880811748 +/- 0.09694781098463782
Background_rpf_expo_par1: -1.7024482115789434 +/- 0.004283060478976711
