Background_rpf_expo_par0: 1.0542081922541144 +/- 0.09694684609633096
Background_rpf_expo_par1: -1.702447748494766 +/- 0.004282987612629362
