Background_rpf_expo_par0: -1.720580511166746 +/- 0.2768552257357651
Background_rpf_expo_par1: -0.9252338603880038 +/- 0.008474587440017436
