Background_rpf_expo_par0: -1.7207792324517281 +/- 0.10696977418334955
Background_rpf_expo_par1: -0.9252436785525165 +/- 0.004603302273875559
