Background_rpf_expo_par0: -1.7211854915036677 +/- 0.10595403578922111
Background_rpf_expo_par1: -0.9252598537705845 +/- 0.004579644409331072
