Background_rpf_expo_par0: -1.7622947867545742 +/- 0.11364843509937994
Background_rpf_expo_par1: -0.9270241949874847 +/- 0.004912929057997415
