Background_rpf_expo_par0: -1.7626528277503273 +/- 0.11364103508782877
Background_rpf_expo_par1: -0.9270509336483407 +/- 0.004912651973438599
