Background_rpf_expo_par0: 1.974612462089729 +/- 0.12219544639964276
Background_rpf_expo_par1: -1.7768996365312626 +/- 0.005596403001806218
