Background_rpf_expo_par0: -0.9999999052595143 +/- 0.17115418465787965
Background_rpf_expo_par1: -0.9021912781379129 +/- 0.006058981893452036
