Background_rpf_expo_par0: -1.7624924399130668 +/- 0.11331279198570121
Background_rpf_expo_par1: -0.9270386951822456 +/- 0.004899328549415549
