Background_rpf_expo_par0: -1.721263067263197 +/- 0.10595551952391233
Background_rpf_expo_par1: -0.925262714729246 +/- 0.004579751710228035
