Background_rpf_expo_par0: -1.7210250431474972 +/- 0.09966152391747563
Background_rpf_expo_par1: -0.9252530153783822 +/- 0.0041891312660382145
