Background_rpf_expo_par0: -1.721040396553063 +/- 0.10805998091182878
Background_rpf_expo_par1: -0.9252536320274297 +/- 0.004618296380798675
