Background_rpf_expo_par0: -1.7211572625069098 +/- 0.1058028820933121
Background_rpf_expo_par1: -0.9252538692713164 +/- 0.004554415485310169
