Background_rpf_expo_par0: -1.7211097447870431 +/- 0.10595423996914852
Background_rpf_expo_par1: -0.925255105843388 +/- 0.004579647467420125
