Background_rpf_expo_par0: 1.1414184878304965 +/- 0.12686922596288072
Background_rpf_expo_par1: -1.7000020427448437 +/- 0.0048586454755597695
