Background_rpf_expo2_par0: -1.6926205812492903 +/- 0.008121610649324363
Background_rpf_expo2_par1: -1.5338316175142337 +/- 0.35047844485202184
Background_rpf_expo2_par2: 3.624567585792295 +/- 2.544024369996288
