Background_rpf_expo_par0: -1.721078916988232 +/- 0.33275337821646367
Background_rpf_expo_par1: -0.9252548769941116 +/- 0.008516329924377793
