Background_rpf_expo_par0: -1.7046160789603593 +/- 0.10575749794945452
Background_rpf_expo_par1: -0.9245436250045682 +/- 0.004570334255574477
