Background_rpf_expo_par0: -1.7211328860469168 +/- 0.10595260531333602
Background_rpf_expo_par1: -0.9252616026969983 +/- 0.004579542113780176
