Background_rpf_expo_par0: -1.7623661835264675 +/- 0.11364408830128364
Background_rpf_expo_par1: -0.9270403042116044 +/- 0.004912700665734977
