Background_rpf_expo_par0: -1.762333137906056 +/- 0.11364140960875943
Background_rpf_expo_par1: -0.9270415159568443 +/- 0.0049126544207460645
