Background_rpf_expo_par0: 1.0688935541429085 +/- 0.09961124128341642
Background_rpf_expo_par1: -1.7020576491428154 +/- 0.004332170358739007
