Background_rpf_expo_par0: -1.7214456612000302 +/- 0.1059523943819481
Background_rpf_expo_par1: -0.9252790117430858 +/- 0.004579544336010194
