Background_rpf_expo_par0: 2.0792136601328344 +/- 0.15540286059051808
Background_rpf_expo_par1: -1.773844307040486 +/- 0.006261735068875846
