Background_rpf_expo_par0: -1.7213490675890517 +/- 0.10595265678901071
Background_rpf_expo_par1: -0.925278699184194 +/- 0.0045795520873472785
