Background_rpf_expo_par0: -1.7208743275429605 +/- 0.10595454661893208
Background_rpf_expo_par1: -0.925253673329375 +/- 0.004579654160603342
