Background_rpf_expo_par0: -1.7212263197685258 +/- 0.10602251652386907
Background_rpf_expo_par1: -0.9252638458500191 +/- 0.004581000351450583
