Background_rpf_expo_par0: -1.721135487073318 +/- 0.10592591643257009
Background_rpf_expo_par1: -0.9252686813178026 +/- 0.004578256048575262
