Background_rpf_expo_par0: 2.139337772768715 +/- 0.26175111850678495
Background_rpf_expo_par1: -2.019971569071696 +/- 0.009435155570246177
