Background_rpf_expo_par0: 2.131416305543643 +/- 0.18613089092241492
Background_rpf_expo_par1: -2.0201276085523276 +/- 0.008021926847478182
