Background_rpf_expo_par0: 1.8882319981059903 +/- 0.26156234519849725
Background_rpf_expo_par1: -1.3998538524489 +/- 0.007747713727920165
