Background_rpf_expo_par0: 1.6107105968395417 +/- 0.1192108526249648
Background_rpf_expo_par1: -1.4064215607434534 +/- 0.0054303592801712795
