Background_rpf_expo_par0: -1.721280530119467 +/- 0.10426326504235525
Background_rpf_expo_par1: -0.9252623119319563 +/- 0.004475693665932771
