Background_rpf_expo_par0: -1.7212670382333362 +/- 0.10595866251240937
Background_rpf_expo_par1: -0.9252607596999454 +/- 0.004579774201098027
