Background_rpf_expo_par0: -1.7222187227970482 +/- 0.10637852797950023
Background_rpf_expo_par1: -0.9253126918732694 +/- 0.004587337707575493
