Background_rpf_expo_par0: -1.7213125571564416 +/- 0.010302826199294417
Background_rpf_expo_par1: -0.9252650940717627 +/- 0.0004393264531415472
