Background_rpf_expo_par0: -1.7210537229137857 +/- 0.14757759580773344
Background_rpf_expo_par1: -0.9252537418769762 +/- 0.005378491788873393
