Background_rpf_expo_par0: 2.068833878210325 +/- 0.14044780412946672
Background_rpf_expo_par1: -1.580065082834691 +/- 0.006398123005566218
