Background_rpf_expo_par0: 0.07871982693514656 +/- 0.2667705798189965
Background_rpf_expo_par1: 0.0902737146145503 +/- 0.01246036149505647
