Background_rpf_expo_par0: 1.0541889727693947 +/- 0.096946735249695
Background_rpf_expo_par1: -1.7024482587447751 +/- 0.004282985853985173
