Background_rpf_expo_par0: -1.72131673128535 +/- 0.10588347753536197
Background_rpf_expo_par1: -0.9252678358780725 +/- 0.004565670203475343
