Background_rpf_expo_par0: -1.7209284191299288 +/- 0.1059088519077048
Background_rpf_expo_par1: -0.9252474484381763 +/- 0.004578847166026792
