Background_rpf_expo_par0: -1.721119858726155 +/- 0.10595275439295876
Background_rpf_expo_par1: -0.9252631087028267 +/- 0.0045795468639613
