Background_rpf_expo_par0: -1.7211098584763256 +/- 0.10595539511885498
Background_rpf_expo_par1: -0.9252514780784511 +/- 0.004579742890048597
