Background_rpf_expo_par0: -1.7210007391823046 +/- 0.1059074554273807
Background_rpf_expo_par1: -0.9252638419763228 +/- 0.004578567011276467
