Background_rpf_expo_par0: -1.7210919485342602 +/- 0.10595421046948161
Background_rpf_expo_par1: -0.9252608734779947 +/- 0.0045796499030473755
