Background_rpf_expo_par0: -1.7211103264958194 +/- 0.010276842562783108
Background_rpf_expo_par1: -0.9252584709720457 +/- 0.00046678811167259016
