Background_rpf_expo_par0: -1.7211406432724246 +/- 0.10595267722818408
Background_rpf_expo_par1: -0.9252642403484511 +/- 0.00457954527476382
