Background_rpf_expo_par0: -1.7212644331129308 +/- 0.10595226760475994
Background_rpf_expo_par1: -0.9252629807487389 +/- 0.004579697781365966
