Background_rpf_expo_par0: -1.721397502805484 +/- 0.10595999695266423
Background_rpf_expo_par1: -0.9252593216773819 +/- 0.004579874942287274
