Background_rpf_expo_par0: -1.7209842508354687 +/- 0.10593613175474895
Background_rpf_expo_par1: -0.9252583752726029 +/- 0.004581739952358872
