Background_rpf_expo_par0: 1.05417876630386 +/- 0.097369575801446
Background_rpf_expo_par1: -1.7024488062578953 +/- 0.00430283838413692
