Background_rpf_expo_par0: -1.7211416506584487 +/- 0.1059540181935074
Background_rpf_expo_par1: -0.9252594403339565 +/- 0.0045796442173463405
