Background_rpf_expo_par0: -1.7211328552647294 +/- 0.10528962568102218
Background_rpf_expo_par1: -0.9252642209984536 +/- 0.0045762773397418095
