Background_rpf_expo_par0: -1.7208749628385567 +/- 0.15417169873509834
Background_rpf_expo_par1: -0.925249491852458 +/- 0.005481458077529048
