Background_rpf_expo_par0: -1.7255440528387824 +/- 0.1375540228714164
Background_rpf_expo_par1: -0.9260021394465832 +/- 0.00537074671500214
