Background_fail_par0: 40.00542330411471 +/- 0.0
Background_fail_par1: -16.213302600034524 +/- 8.05373116535826
