Background_rpf_expo_par0: -1.7210733555968964 +/- 0.10595408603411753
Background_rpf_expo_par1: -0.9252556938930289 +/- 0.00457964423879239
