Background_rpf_expo_par0: -1.7213322093398278 +/- 0.010335186977440517
Background_rpf_expo_par1: -0.9252613766487554 +/- 0.00045388198632217573
