Background_fail_par0: 98.3598337222238 +/- 90.5869821479509
Background_fail_par1: -16.445979868310587 +/- 2.197352628854675
