Background_rpf_expo_par0: -1.7617264313025645 +/- 0.16062223662834146
Background_rpf_expo_par1: -0.9270193447679418 +/- 0.005797193468315608
