Background_fail_par0: 99.99999983919527 +/- 93.5086012254341
Background_fail_par1: -16.474282991301813 +/- 2.2019115216453096
