Background_rpf_expo_par0: -1.7213646489100878 +/- 0.10595366417311276
Background_rpf_expo_par1: -0.9252635156413636 +/- 0.0045796377530120825
