Background_rpf_expo_par0: -1.721019159936803 +/- 0.10595311650166116
Background_rpf_expo_par1: -0.9252616693821489 +/- 0.004579554790594003
