Background_rpf_expo_par0: -1.7091921229741356 +/- 0.12394022222304536
Background_rpf_expo_par1: -0.9255397099929719 +/- 0.005100575326077809
