Background_fail_par0: 1.7279878699802409e-12 +/- 0.0
Background_fail_par1: 1.0565520526208865e-07 +/- 0.0
Background_fail_par2: 1.2420553173610833e-07 +/- 0.0
