Background_rpf_expo_par0: -1.7208881620058796 +/- 0.1059531817603564
Background_rpf_expo_par1: -0.9252603383246626 +/- 0.0045795555062362395
