Background_rpf_expo_par0: -1.7210765535015902 +/- 0.10595422931799273
Background_rpf_expo_par1: -0.9252595775192842 +/- 0.00457964979402663
