Background_rpf_expo_par0: 1.0539600524625956 +/- 0.0969465431302668
Background_rpf_expo_par1: -1.7024621912466023 +/- 0.00428299182316006
