Background_rpf_expo_par0: -1.721308776578411 +/- 0.10595533665966687
Background_rpf_expo_par1: -0.9252614162354816 +/- 0.004579746405049186
