Background_rpf_expo_par0: -1.7211377611106051 +/- 0.10595395461626324
Background_rpf_expo_par1: -0.9252560616301575 +/- 0.004579641241898287
