Background_rpf_expo_par0: -1.7209078241083604 +/- 0.10956529415810036
Background_rpf_expo_par1: -0.9252474596130622 +/- 0.004644844017873747
