Background_rpf_expo_par0: -1.7209193450827391 +/- 0.1059628053313285
Background_rpf_expo_par1: -0.9252555440892043 +/- 0.004579735466848797
