Background_rpf_expo_par0: -1.7211567939504002 +/- 0.10595405398889528
Background_rpf_expo_par1: -0.9252600867919869 +/- 0.004579645675147966
