Background_rpf_expo_par0: -1.7199333358338345 +/- 0.10494954248155139
Background_rpf_expo_par1: -0.9252072028914726 +/- 0.004580432928566489
