Background_rpf_expo_par0: -1.7204660735424329 +/- 0.10595529984457747
Background_rpf_expo_par1: -0.9252336889538897 +/- 0.004579709744408335
