Background_rpf_expo_par0: -1.7210990170446068 +/- 0.010198516371406924
Background_rpf_expo_par1: -0.9252580950638336 +/- 0.0004671557898768687
