Background_rpf_expo_par0: -1.721053313945703 +/- 0.1543993931057409
Background_rpf_expo_par1: -0.9252629091107708 +/- 0.005499265212316611
