Background_rpf_expo_par0: -1.7212298967917383 +/- 0.10618188947335476
Background_rpf_expo_par1: -0.9252576523105491 +/- 0.004583860257719607
