Background_rpf_expo_par0: -1.7204676750969092 +/- 0.17387998764457355
Background_rpf_expo_par1: -0.9252276949767217 +/- 0.005979089648347571
