Background_rpf_expo_par0: -1.7210164173536622 +/- 0.10595431043519726
Background_rpf_expo_par1: -0.9252556952372846 +/- 0.004579649826317616
