Background_rpf_expo_par0: -1.7212449448378577 +/- 0.10595856456117958
Background_rpf_expo_par1: -0.9252593233611885 +/- 0.004579773167534287
