Background_rpf_expo_par0: -1.7210860499546083 +/- 0.10595424599226666
Background_rpf_expo_par1: -0.925258402226478 +/- 0.004579649862234679
