Background_rpf_expo_par0: -1.721120513356504 +/- 0.10595413102017451
Background_rpf_expo_par1: -0.925259812521076 +/- 0.004579647354632894
