Background_rpf_expo_par0: -1.7207355584064425 +/- 0.10595602666626688
Background_rpf_expo_par1: -0.9252421637526178 +/- 0.004579754349590183
