Background_rpf_expo_par0: -1.7210944053575528 +/- 0.10593228847503103
Background_rpf_expo_par1: -0.9252561158897336 +/- 0.00457897326504607
