Background_rpf_expo_par0: -1.719915429224169 +/- 0.15082287064061986
Background_rpf_expo_par1: -0.9252029228772652 +/- 0.005413477965098295
