Background_rpf_expo_par0: 1.0571248194666976 +/- 0.09702343954135907
Background_rpf_expo_par1: -1.7024990737064682 +/- 0.004286130476573916
