Background_rpf_expo_par0: -1.7606621252043138 +/- 0.12039237599302652
Background_rpf_expo_par1: -0.9271328877003504 +/- 0.0050377746173845
