Background_rpf_expo_par0: -1.7208628930225394 +/- 0.10595426022501775
Background_rpf_expo_par1: -0.9252461571949129 +/- 0.004579644215035324
