Background_rpf_expo_par0: -1.7623397402749914 +/- 0.11383849697873016
Background_rpf_expo_par1: -0.9270414268104432 +/- 0.004918619997718865
