Background_rpf_expo_par0: -1.762327211703758 +/- 0.11388823861855221
Background_rpf_expo_par1: -0.9270364076783809 +/- 0.004917169485831286
