Background_rpf_expo_par0: -1.7212199343125127 +/- 0.1059540366045156
Background_rpf_expo_par1: -0.9252622504359438 +/- 0.004579645808753744
