Background_rpf_expo_par0: -1.7211156071629368 +/- 0.10595539670875855
Background_rpf_expo_par1: -0.9252609679188233 +/- 0.0045796740423406455
