Background_rpf_expo_par0: -1.7210587331146137 +/- 0.010332681775379583
Background_rpf_expo_par1: -0.9252589869794503 +/- 0.0004554429445315962
