Background_rpf_expo_par0: -1.7204717980027324 +/- 0.1045067975033183
Background_rpf_expo_par1: -0.9252319866338652 +/- 0.004551290416957697
