Background_rpf_expo_par0: 1.054078202081867 +/- 0.09694864948608549
Background_rpf_expo_par1: -1.702454715155803 +/- 0.004283024771918957
