Background_rpf_expo_par0: 2.3492886565022784 +/- 0.20597900751154222
Background_rpf_expo_par1: -3.1007178585932103 +/- 0.00879386345849348
