Background_rpf_expo_par0: 2.348245692464979 +/- 0.2059509769644309
Background_rpf_expo_par1: -3.100742762314024 +/- 0.008793355990851043
