Background_rpf_expo_par0: -1.7623329279024456 +/- 0.11371507183888863
Background_rpf_expo_par1: -0.9270375608581285 +/- 0.004918108071193528
