Background_rpf_expo_par0: 2.2856441405544388 +/- 0.2218608381190202
Background_rpf_expo_par1: -1.7689756869059128 +/- 0.007307087920143449
