Background_rpf_expo_par0: -1.7209351422253811 +/- 0.1059499717494336
Background_rpf_expo_par1: -0.9252492873735223 +/- 0.004579724451164585
