Background_rpf_expo_par0: -1.7211322544280891 +/- 0.10595417829612723
Background_rpf_expo_par1: -0.9252608486733227 +/- 0.004579649406519395
