Background_rpf_expo_par0: -1.7210981169916013 +/- 0.010269309748124284
Background_rpf_expo_par1: -0.9252575326468417 +/- 0.0004407546061607958
