Background_rpf_expo_par0: -1.7211337960059439 +/- 0.1059526059450709
Background_rpf_expo_par1: -0.9252617789336208 +/- 0.0045795423769783095
