Background_rpf_expo_par0: -1.721063697015291 +/- 0.10595289924981695
Background_rpf_expo_par1: -0.9252651255856456 +/- 0.004579550811074506
