Background_rpf_expo_par0: -1.7210702237225275 +/- 0.10412560537554903
Background_rpf_expo_par1: -0.9252576072885108 +/- 0.004570705506456188
