Background_rpf_expo_par0: -1.7213275597825746 +/- 0.10595234382711846
Background_rpf_expo_par1: -0.9252687459990367 +/- 0.004579539152783082
