Background_rpf_expo_par0: -1.7211250683317794 +/- 0.1059542120050025
Background_rpf_expo_par1: -0.9252616029324329 +/- 0.004579650261868426
