Background_rpf_expo_par0: 1.0556748174317343 +/- 0.0970442832268969
Background_rpf_expo_par1: -1.70259351753313 +/- 0.0042865736013456175
