Background_rpf_expo_par0: -1.721141417219363 +/- 0.10595419170903786
Background_rpf_expo_par1: -0.9252622480850887 +/- 0.004579650177868884
