Background_rpf_expo_par0: -1.7211354988189196 +/- 0.10055065850917763
Background_rpf_expo_par1: -0.9252522982193802 +/- 0.004553714697861237
