Background_rpf_expo_par0: 1.054141833719721 +/- 0.0949778633971452
Background_rpf_expo_par1: -1.70245161185266 +/- 0.004194281888486806
