Background_rpf_expo_par0: 1.0545477574375717 +/- 0.0972843915283153
Background_rpf_expo_par1: -1.7024332405227456 +/- 0.004289463563989737
