Background_rpf_expo_par0: 2.0416799055745614 +/- 0.19331182352452347
Background_rpf_expo_par1: -1.427485578166996 +/- 0.007557389081135067
