Background_rpf_expo_par0: -1.7210876168550049 +/- 0.10595427469924809
Background_rpf_expo_par1: -0.9252578984516152 +/- 0.004579649393824653
