Background_rpf_expo_par0: -1.721112876506562 +/- 0.10470830868486297
Background_rpf_expo_par1: -0.9252568219338176 +/- 0.0045733305071219464
