Background_rpf_expo_par0: 1.0539431024660713 +/- 0.09694839436384337
Background_rpf_expo_par1: -1.7024623693819576 +/- 0.004283021843224345
