Background_rpf_expo_par0: -1.7211789014334253 +/- 0.10595391693238351
Background_rpf_expo_par1: -0.9252573440185483 +/- 0.004579641183594941
