Background_rpf_expo_par0: -1.7212165460526563 +/- 0.10595401891499101
Background_rpf_expo_par1: -0.9252638229798062 +/- 0.004579646328272806
