Background_rpf_expo_par0: -1.7622772144870773 +/- 0.11407945524659413
Background_rpf_expo_par1: -0.9270362780375113 +/- 0.004921206369136233
