Background_rpf_expo_par0: -1.7211818409888244 +/- 0.10595404692494678
Background_rpf_expo_par1: -0.9252617768765163 +/- 0.00457964625980988
