Background_rpf_2x0_par0: 6.653502324667067 +/- 0.11358695699196224
Background_rpf_2x0_par1: 11.815235765741305 +/- 0.5516091771654694
Background_rpf_2x0_par2: -31.641281525153687 +/- 1.7177284868692146
Background_rpf_2x0_par3: 0.6248757765202009 +/- 0.010425252977077621
