Background_rpf_2x0_par0: 6.51325989076367 +/- 0.11151621618561476
Background_rpf_2x0_par1: 11.522356225561792 +/- 0.5424020568198626
Background_rpf_2x0_par2: -30.910399090481203 +/- 1.6966936036396147
Background_rpf_2x0_par3: 0.6384665510038946 +/- 0.010683512272565455
