Background_rpf_expo_par0: -1.7211968974704415 +/- 0.10595057195740548
Background_rpf_expo_par1: -0.925262010243013 +/- 0.0045793664388404185
