Background_rpf_expo_par0: 2.0598896683534416 +/- 0.13199040508129178
Background_rpf_expo_par1: -2.0297415427723324 +/- 0.0057058487704802555
