Background_rpf_expo_par0: 2.119739885835327 +/- 0.18283216991660625
Background_rpf_expo_par1: -2.0281148678647964 +/- 0.006650501660160449
