Background_rpf_expo_par0: -1.720921423652867 +/- 0.10594822074760336
Background_rpf_expo_par1: -0.9252593674669387 +/- 0.004579418817534138
