Background_rpf_expo_par0: -1.721262821411486 +/- 0.10594786823555892
Background_rpf_expo_par1: -0.9252737274567998 +/- 0.004579417341787178
