Background_rpf_expo_par0: 1.0543555119993981 +/- 0.08363033291609134
Background_rpf_expo_par1: -1.7024442204090775 +/- 0.003693841966504019
