Background_rpf_expo_par0: -1.721339888191052 +/- 0.10595511244624381
Background_rpf_expo_par1: -0.9252611207312151 +/- 0.004579740663175482
