Background_rpf_expo_par0: -1.721219270701289 +/- 0.10595273132898775
Background_rpf_expo_par1: -0.9252729225233778 +/- 0.004579550599953988
