Background_rpf_expo_par0: -1.7210139598160672 +/- 0.10595428828630601
Background_rpf_expo_par1: -0.9252559386658394 +/- 0.004579649243242583
