Background_rpf_expo_par0: -1.7210030854920655 +/- 0.010214065162548695
Background_rpf_expo_par1: -0.925259080861996 +/- 0.000450171629296022
