Background_rpf_expo_par0: 2.0686575115985306 +/- 0.14066641922899475
Background_rpf_expo_par1: -1.5800616449824085 +/- 0.006403617374724967
