Background_rpf_1x0_par0: 1.8337017814071206 +/- 0.010912531849725805
Background_rpf_1x0_par1: -2.1000398055635414 +/- 0.23303589578352374
