Background_rpf_1x0_par0: 1.8337020314053707 +/- 0.010912477607672173
Background_rpf_1x0_par1: -2.100138091315152 +/- 0.2330332398517371
