Background_rpf_expo_par0: -1.7208766681182341 +/- 0.10562294770755051
Background_rpf_expo_par1: -0.9252521881065773 +/- 0.004542950535309767
