Background_rpf_expo_par0: -1.721058596232102 +/- 0.010253179490742658
Background_rpf_expo_par1: -0.925257079106593 +/- 0.0004669602723710938
