Background_rpf_expo_par0: -1.7212479680522788 +/- 0.10595378760371664
Background_rpf_expo_par1: -0.9252597591244733 +/- 0.004579638831270356
