Background_rpf_expo_par0: -0.9999999999997528 +/- 0.11510697355831277
Background_rpf_expo_par1: -0.9009076143284034 +/- 0.00493310817711848
