Background_rpf_expo_par0: -1.721416024519616 +/- 0.10595385977823103
Background_rpf_expo_par1: -0.9252744291937688 +/- 0.004579647047981478
