Background_rpf_expo_par0: -1.7213145460416555 +/- 0.10595253564479797
Background_rpf_expo_par1: -0.9252712169136096 +/- 0.004579544703972826
