Background_rpf_expo_par0: -1.7201702922697468 +/- 0.010206845277303943
Background_rpf_expo_par1: -0.9252160309639149 +/- 0.00045148451135977325
