Background_rpf_expo_par0: -1.7213396059918626 +/- 0.0987397352176757
Background_rpf_expo_par1: -0.9252660095370006 +/- 0.004522842635686807
