Background_rpf_expo_par0: -1.721089203874729 +/- 0.10595441329626767
Background_rpf_expo_par1: -0.9252588625003333 +/- 0.004579651502507747
