Background_rpf_expo_par0: -1.7212939663556488 +/- 0.10595401012346438
Background_rpf_expo_par1: -0.9252674236037816 +/- 0.004579647728040268
