Background_rpf_expo_par0: -1.7213499331828956 +/- 0.10632518534420017
Background_rpf_expo_par1: -0.9252677912261075 +/- 0.004586429468785926
