Background_rpf_expo_par0: -1.721125523565285 +/- 0.10622397118031103
Background_rpf_expo_par1: -0.9252581259196951 +/- 0.004589847050481742
