Background_rpf_expo_par0: -1.7211496248315292 +/- 0.10595885897479919
Background_rpf_expo_par1: -0.9252585771881873 +/- 0.004579778097582072
