Background_rpf_expo_par0: -1.7215051373343275 +/- 0.010198471020199228
Background_rpf_expo_par1: -0.9252730426023357 +/- 0.00046650703822223577
