Background_rpf_expo_par0: -1.721307606628824 +/- 0.1059539198755756
Background_rpf_expo_par1: -0.9252669623700599 +/- 0.004579645641621174
