Background_rpf_expo_par0: -1.721057146325781 +/- 0.10595430518484138
Background_rpf_expo_par1: -0.9252596049598316 +/- 0.004579651782824709
