Background_rpf_expo_par0: 1.1425646769769444 +/- 0.12903486735062997
Background_rpf_expo_par1: -1.7000028170615589 +/- 0.004898723250766346
