Background_rpf_expo_par0: 1.0541878581331132 +/- 0.09051048943406403
Background_rpf_expo_par1: -1.7024480354183955 +/- 0.004000234835668692
