Background_rpf_expo_par0: -1.7211772624562713 +/- 0.10595557209792489
Background_rpf_expo_par1: -0.925257189840633 +/- 0.004579750175431824
