Background_rpf_expo_par0: 1.4860923669461985 +/- 0.18974708320560385
Background_rpf_expo_par1: -1.6872476145500335 +/- 0.007205810158457377
