Background_rpf_expo_par0: -1.7210998400072808 +/- 0.0990559112700574
Background_rpf_expo_par1: -0.9252593302101983 +/- 0.004395686196547024
