Background_rpf_expo_par0: -1.721154659014169 +/- 0.1059364839947531
Background_rpf_expo_par1: -0.9252580562625923 +/- 0.004579542069044703
