Background_rpf_expo_par0: -1.7210544554583362 +/- 0.10394838823312624
Background_rpf_expo_par1: -0.9252549345014958 +/- 0.004569941137985764
