Background_rpf_expo_par0: -1.7207322151795161 +/- 0.10024504895886663
Background_rpf_expo_par1: -0.9252385370752032 +/- 0.00452357048222532
