Background_rpf_expo_par0: -1.7211883042649487 +/- 0.10595423146597473
Background_rpf_expo_par1: -0.9252623233909341 +/- 0.00457964953026136
