Background_rpf_expo_par0: -1.7211522578400813 +/- 0.10596652475224862
Background_rpf_expo_par1: -0.9252594544783446 +/- 0.004579807760843613
