Background_rpf_expo_par0: -1.720992855867864 +/- 0.10536782828742831
Background_rpf_expo_par1: -0.9252501837816751 +/- 0.0045681723022108715
