Background_rpf_expo_par0: -1.762430271857584 +/- 0.11357442324670841
Background_rpf_expo_par1: -0.9270545069162741 +/- 0.00490333685696831
