Background_rpf_expo_par0: -1.7211082893580765 +/- 0.10595409708806916
Background_rpf_expo_par1: -0.9252571195604259 +/- 0.004579645237772557
