Background_rpf_expo_par0: -1.7213225100447744 +/- 0.10595506803813808
Background_rpf_expo_par1: -0.9252629261840417 +/- 0.004579739425546104
