Background_rpf_expo_par0: -1.721409588205236 +/- 0.10595382281790813
Background_rpf_expo_par1: -0.9252714080350983 +/- 0.004579646322539926
