Background_rpf_expo_par0: -1.7211215019422321 +/- 0.10595413190641415
Background_rpf_expo_par1: -0.9252599060075217 +/- 0.004579647423181482
