Background_rpf_expo_par0: -1.7209508127445226 +/- 0.10595425547093014
Background_rpf_expo_par1: -0.9252527384034815 +/- 0.004579646813317579
