Background_rpf_expo_par0: -1.721523867690085 +/- 0.10721934422229401
Background_rpf_expo_par1: -0.92527157701715 +/- 0.004603005912983718
