Background_rpf_expo_par0: 1.0541876255406506 +/- 0.09694674414101317
Background_rpf_expo_par1: -1.702448033425907 +/- 0.004282985470458257
