Background_rpf_expo_par0: -1.7213486273506038 +/- 0.01022273209463329
Background_rpf_expo_par1: -0.9252726578156647 +/- 0.0004517942376335327
