Background_rpf_expo_par0: -1.721283554363432 +/- 0.10594546708260086
Background_rpf_expo_par1: -0.9252690508248274 +/- 0.004577598514144024
