Background_rpf_expo_par0: -1.7212465482082215 +/- 0.10595389832626448
Background_rpf_expo_par1: -0.9252622838297204 +/- 0.004579642748087701
