Background_rpf_expo_par0: -1.7213662158518277 +/- 0.10595388927541652
Background_rpf_expo_par1: -0.9252697515852658 +/- 0.0045796455631542795
