Background_rpf_expo_par0: 1.2540620818752848 +/- 0.14429777476501635
Background_rpf_expo_par1: -1.6937239115887266 +/- 0.006334687793189463
