Background_rpf_expo_par0: -1.7210625106418642 +/- 0.1059542089549528
Background_rpf_expo_par1: -0.9252574308466505 +/- 0.00457964797992916
