Background_rpf_expo_par0: -1.7216195817303814 +/- 0.010148024018623171
Background_rpf_expo_par1: -0.9252776421000547 +/- 0.00046510372366061176
