Background_rpf_expo_par0: -1.7211506785415394 +/- 0.010172765513815716
Background_rpf_expo_par1: -0.9252583434226148 +/- 0.00046540050413227145
