Background_rpf_expo_par0: -1.7212199399141987 +/- 0.10595383651181943
Background_rpf_expo_par1: -0.9252610027443313 +/- 0.004579639957882142
