Background_rpf_expo_par0: 2.2218393228094775 +/- 0.13646976507658706
Background_rpf_expo_par1: -1.6635784962322087 +/- 0.006130073775503885
