Background_rpf_expo_par0: 1.9780489018663596 +/- 0.12145197435563043
Background_rpf_expo_par1: -1.7767589747399244 +/- 0.005579072042521843
