Background_rpf_expo_par0: -1.762203697081658 +/- 0.11296221010564911
Background_rpf_expo_par1: -0.9270359799732788 +/- 0.004875856809415546
