Background_rpf_expo_par0: -1.7212256635798997 +/- 0.11861543768078835
Background_rpf_expo_par1: -0.9252603607766766 +/- 0.004830721924991544
