Background_rpf_expo_par0: -1.7207579338899044 +/- 0.10652861876130398
Background_rpf_expo_par1: -0.925240339074034 +/- 0.004590233735583217
