Background_rpf_expo_par0: -1.7213407514865777 +/- 0.10595250650752146
Background_rpf_expo_par1: -0.9252714475629882 +/- 0.004579544355089086
