Background_rpf_expo_par0: -1.7209070485930196 +/- 0.10595438245941573
Background_rpf_expo_par1: -0.9252511731898131 +/- 0.004579649880098271
