Background_rpf_expo_par0: -1.7213541536024877 +/- 0.09898272639833483
Background_rpf_expo_par1: -0.9252707395530742 +/- 0.004472186899833129
