Background_rpf_expo_par0: 1.2898352054556796 +/- 0.14555572520785964
Background_rpf_expo_par1: -1.6927014466809027 +/- 0.006357755634619118
