Background_rpf_expo_par0: -1.7194900630856182 +/- 0.13310746071025084
Background_rpf_expo_par1: -0.9251708522648029 +/- 0.005045235432835664
