Background_rpf_expo_par0: -1.7212325881648647 +/- 0.10595402576737412
Background_rpf_expo_par1: -0.9252639048248994 +/- 0.004579646749879242
