Background_rpf_expo_par0: -1.7209587833330797 +/- 0.10595291431527107
Background_rpf_expo_par1: -0.9252595522453125 +/- 0.0045795484704280924
