Background_rpf_expo_par0: -1.720763918998559 +/- 0.10595600541541016
Background_rpf_expo_par1: -0.925244642616724 +/- 0.004579754980762464
