Background_rpf_expo_par0: -1.7207849135515125 +/- 0.10594837747028973
Background_rpf_expo_par1: -0.9252568198859092 +/- 0.004579420432973493
