Background_rpf_expo_par0: -1.7211009919471434 +/- 0.1059460945428996
Background_rpf_expo_par1: -0.9252598924558965 +/- 0.0045791423981446115
