Background_rpf_expo_par0: -1.7210908198669759 +/- 0.1045472183425013
Background_rpf_expo_par1: -0.9252557520872313 +/- 0.00430322848104767
