Background_rpf_expo_par0: -1.7211930920657668 +/- 0.105954083253936
Background_rpf_expo_par1: -0.9252621063345496 +/- 0.004579647380745159
