Background_rpf_expo_par0: -0.999999999823857 +/- 0.24639515967826697
Background_rpf_expo_par1: -0.9072339367161952 +/- 0.007143095517200307
