Background_rpf_expo_par0: -1.7211171045578204 +/- 0.010250762044557866
Background_rpf_expo_par1: -0.9252597867912363 +/- 0.00046831097539359965
