Background_rpf_expo_par0: -1.72079965651319 +/- 0.10595305578985097
Background_rpf_expo_par1: -0.9252553643498329 +/- 0.004579549865126623
