Background_rpf_expo_par0: -1.7213020620949782 +/- 0.1059527767244412
Background_rpf_expo_par1: -0.9252742447769096 +/- 0.004579552484148483
