Background_rpf_expo_par0: -1.721125508991746 +/- 0.10595431502589293
Background_rpf_expo_par1: -0.9252633767302927 +/- 0.004579653497200964
