Background_fail_par0: 99.99995815581181 +/- 176.52693530854543
Background_fail_par1: -21.26252699991164 +/- 14.776655270490396
