Background_rpf_expo_par0: -1.761944588100674 +/- 0.1136531298869277
Background_rpf_expo_par1: -0.9270183185103571 +/- 0.004912942140851745
