Background_rpf_expo_par0: -1.7208468137162996 +/- 0.10595433288871019
Background_rpf_expo_par1: -0.9252494253779452 +/- 0.004579647237073997
