Background_rpf_expo_par0: -1.721192169943901 +/- 0.10595404669120057
Background_rpf_expo_par1: -0.9252612249092182 +/- 0.004579645541231291
