Background_rpf_expo_par0: -1.7207474910823948 +/- 0.10457949089847916
Background_rpf_expo_par1: -0.9252428676863838 +/- 0.0043086627034459885
