Background_rpf_expo_par0: -1.7212753424820353 +/- 0.1059539875810354
Background_rpf_expo_par1: -0.9252656784810092 +/- 0.004579646694973295
