Background_rpf_expo_par0: -1.7626167936257646 +/- 0.2680590534053397
Background_rpf_expo_par1: -0.9270463628961179 +/- 0.007534181040095925
