Background_rpf_expo_par0: -1.7213196408877074 +/- 0.10595240577042374
Background_rpf_expo_par1: -0.925269501332147 +/- 0.004579540689117379
