Background_rpf_expo_par0: 1.0541374670008907 +/- 0.09692000529214917
Background_rpf_expo_par1: -1.7024501015722668 +/- 0.004281191294722375
