Background_rpf_expo_par0: -1.7212380220604049 +/- 0.10594922098952687
Background_rpf_expo_par1: -0.9252617864421231 +/- 0.004579639551229932
