Background_rpf_expo_par0: -1.7210819385403897 +/- 0.010217634567707462
Background_rpf_expo_par1: -0.9252577033661711 +/- 0.0004523372340384006
