Background_rpf_expo_par0: -1.7211298091845402 +/- 0.10612347524023621
Background_rpf_expo_par1: -0.9252627273690642 +/- 0.004578112927774765
