Background_rpf_expo_par0: -1.7210504595138436 +/- 0.10595435246470862
Background_rpf_expo_par1: -0.9252579663846099 +/- 0.004579652720067715
