Background_rpf_expo_par0: -1.7209280485218457 +/- 0.1059481558937984
Background_rpf_expo_par1: -0.925257949813282 +/- 0.004579416868390907
