Background_rpf_expo_par0: 0.07932457005772789 +/- 0.28116904527800995
Background_rpf_expo_par1: 0.09031318613523256 +/- 0.012726629167583147
