Background_rpf_expo_par0: 1.0544467585873394 +/- 0.09695158594806771
Background_rpf_expo_par1: -1.7024421591791763 +/- 0.004283075094510895
