Background_rpf_expo_par0: -1.7209288924376926 +/- 0.10595575673360591
Background_rpf_expo_par1: -0.9252434669692965 +/- 0.004579748826187775
