Background_rpf_expo_par0: -1.7210717413765086 +/- 0.10595407305136795
Background_rpf_expo_par1: -0.9252527016048934 +/- 0.004579643281466277
