Background_rpf_expo_par0: -1.722480538030409 +/- 0.10614554385091826
Background_rpf_expo_par1: -0.9253149731006431 +/- 0.004583155637861541
