Background_rpf_expo_par0: -1.721253370299313 +/- 0.10621601590724576
Background_rpf_expo_par1: -0.9252634264124412 +/- 0.004584503878429975
