Background_rpf_expo_par0: -0.9999999993011769 +/- 0.1146874824946638
Background_rpf_expo_par1: -0.9008830334425871 +/- 0.0049253327449680475
