Background_rpf_expo_par0: -1.7210925832128179 +/- 0.10595563379606218
Background_rpf_expo_par1: -0.9252549492611128 +/- 0.0045797510546939394
