Background_rpf_expo2_par0: -0.9299893121928839 +/- 0.00943448186377021
Background_rpf_expo2_par1: 1.9073328836824903 +/- 0.41203536370637733
Background_rpf_expo2_par2: -1.1068315174318577 +/- 3.0256904216801175
