Background_rpf_expo_par0: -1.7210764655181559 +/- 0.10595416679423607
Background_rpf_expo_par1: -0.9252590349692053 +/- 0.00457964770792287
