Background_rpf_expo_par0: 1.7406787075482795 +/- 0.1605381109839991
Background_rpf_expo_par1: -1.4026942262076476 +/- 0.006238470013471822
