Background_rpf_expo_par0: -1.762281361156225 +/- 0.1136432074867983
Background_rpf_expo_par1: -0.9270342468559865 +/- 0.004912771029337231
