Background_rpf_expo_par0: -1.7623333250094835 +/- 0.11364310562496292
Background_rpf_expo_par1: -0.9270357453018252 +/- 0.004912768977234682
