Background_rpf_expo_par0: -1.762281361156225 +/- 0.11394044044144569
Background_rpf_expo_par1: -0.9270342468559865 +/- 0.004913228270992054
