Background_rpf_expo_par0: -1.721167339065231 +/- 0.1059555008527054
Background_rpf_expo_par1: -0.9252569062399987 +/- 0.004579748541924626
