Background_rpf_expo_par0: 1.2532718396507518 +/- 0.14429629349835413
Background_rpf_expo_par1: -1.69375682467414 +/- 0.006334686645676628
