Background_rpf_expo_par0: 0.08131717194342347 +/- 0.2667732744900687
Background_rpf_expo_par1: 0.09033083778763501 +/- 0.01245913333546759
