Background_rpf_expo_par0: -1.721758107385901 +/- 0.10595202312762941
Background_rpf_expo_par1: -0.9252916164601104 +/- 0.004579541560342968
