Background_rpf_expo_par0: 2.32620627104531 +/- 0.103204744621528
Background_rpf_expo_par1: -0.9481788543651967 +/- 0.004543591654280318
