Background_rpf_expo_par0: -1.7626105422197584 +/- 0.11363931931384222
Background_rpf_expo_par1: -0.9270567018755896 +/- 0.004912529430514547
