Background_fail_par0: 99.99999999902253 +/- 91.46708227970227
Background_fail_par1: -20.581417861592573 +/- 2.9081151090554056
