Background_rpf_expo_par0: -1.7211730720703422 +/- 0.10595272955001218
Background_rpf_expo_par1: -0.9252670412913617 +/- 0.004579548049775963
