Background_rpf_expo_par0: -1.7210919308926116 +/- 0.10595569711264007
Background_rpf_expo_par1: -0.9252535595111849 +/- 0.0045797523747861165
