Background_rpf_2x0_par0: 5.313637894591303 +/- 0.05697860955455225
Background_rpf_2x0_par1: 10.213553715703638 +/- 2.58420278117364
Background_rpf_2x0_par2: 2.5458806667199525 +/- 19.636632557895254
Background_rpf_2x0_par3: 0.7423707098972991 +/- 0.0
