Background_rpf_2x0_par0: 6.068810087022631 +/- 0.06513129601307932
Background_rpf_2x0_par1: 11.652153553795365 +/- 2.954567640816833
Background_rpf_2x0_par2: 2.9799538498387843 +/- 22.45325152088721
Background_rpf_2x0_par3: 0.6500205077008221 +/- 0.0
