Background_rpf_expo_par0: -1.7209701186955044 +/- 0.10499459675257126
Background_rpf_expo_par1: -0.9252565551734135 +/- 0.004574843618033477
