Background_rpf_expo_par0: -1.7212734119588204 +/- 0.1059555198169121
Background_rpf_expo_par1: -0.9252635184638291 +/- 0.004579752029962059
