Background_rpf_expo_par0: -1.7211364692860485 +/- 0.010345123718722076
Background_rpf_expo_par1: -0.9252593339884697 +/- 0.0004416240038614667
