Background_rpf_expo_par0: 1.9748539230774456 +/- 0.12205942675451327
Background_rpf_expo_par1: -1.7768854538457972 +/- 0.005593548842872091
