Background_rpf_expo_par0: 1.9749686840964114 +/- 0.12141462088279166
Background_rpf_expo_par1: -1.7768860558835533 +/- 0.005578220094755389
