Background_rpf_expo_par0: -1.7211163429768812 +/- 0.10595402030680995
Background_rpf_expo_par1: -0.9252571601663477 +/- 0.004579643356703754
