Background_rpf_expo_par0: -1.7210085883066868 +/- 0.10595397010997963
Background_rpf_expo_par1: -0.9252478583441925 +/- 0.004579637294862817
