Background_rpf_expo_par0: -1.7212304585578502 +/- 0.010082318431040613
Background_rpf_expo_par1: -0.9252606692703185 +/- 0.0004632753357779224
