Background_rpf_expo_par0: -1.720928562617651 +/- 0.10694539135603086
Background_rpf_expo_par1: -0.9252494149243805 +/- 0.004597749890892939
