Background_rpf_expo_par0: -1.7211137033176485 +/- 0.10595413402010889
Background_rpf_expo_par1: -0.9252589765769976 +/- 0.0045796471409562415
