Background_rpf_expo_par0: -1.7211013829956863 +/- 0.10595274262507609
Background_rpf_expo_par1: -0.9252603617316711 +/- 0.00457954408796305
