Background_rpf_expo_par0: -1.7209750803907342 +/- 0.10595454784693062
Background_rpf_expo_par1: -0.9252520892041296 +/- 0.004579652002429806
