Background_rpf_expo_par0: -1.7211399362604867 +/- 0.1055205100333571
Background_rpf_expo_par1: -0.9252593092676595 +/- 0.004494822889786392
