Background_rpf_expo_par0: -1.7212127328343518 +/- 0.10595399459865627
Background_rpf_expo_par1: -0.925262243404434 +/- 0.004579645241921642
