Background_rpf_expo_par0: 1.783069737993524 +/- 0.14194906700904378
Background_rpf_expo_par1: -1.4347918540499645 +/- 0.006561633291958604
