Background_rpf_expo_par0: -1.721019618520988 +/- 0.10555219984380544
Background_rpf_expo_par1: -0.925253304947507 +/- 0.004579235841629551
