Background_rpf_expo_par0: -1.721215242877617 +/- 0.10595397741727201
Background_rpf_expo_par1: -0.9252612886344401 +/- 0.004579644423317967
