Background_rpf_expo_par0: -1.7216091135474094 +/- 0.10595833996082912
Background_rpf_expo_par1: -0.9252783096219925 +/- 0.004579773614287901
