Background_rpf_expo_par0: -1.7210428347385138 +/- 0.10595575474975748
Background_rpf_expo_par1: -0.9252557061552128 +/- 0.004579753956913134
