Background_rpf_expo_par0: 1.1668817899895307 +/- 0.13678833924683403
Background_rpf_expo_par1: -1.699370980284161 +/- 0.005021782667075864
