Background_rpf_expo_par0: 1.6112147776900148 +/- 0.12246853214589644
Background_rpf_expo_par1: -1.406403119596688 +/- 0.005502930300893551
