Background_rpf_expo_par0: -1.7623301216082798 +/- 0.1136432853236189
Background_rpf_expo_par1: -0.927033420791237 +/- 0.0049127706065293635
