Background_rpf_expo_par0: -1.7623301216082798 +/- 0.11362312947597353
Background_rpf_expo_par1: -0.927033420791237 +/- 0.004914199941460362
