Background_rpf_expo_par0: -1.7623573727072719 +/- 0.11364011526454963
Background_rpf_expo_par1: -0.9270449223627463 +/- 0.004912540822247415
