Background_rpf_expo_par0: -1.721110968064495 +/- 0.10642290719001367
Background_rpf_expo_par1: -0.9252488719353916 +/- 0.004585072647419578
