Background_rpf_expo_par0: -1.7217004345086475 +/- 0.10590280474442525
Background_rpf_expo_par1: -0.9252742214708549 +/- 0.004577169891028106
