Background_rpf_expo_par0: 2.0691411587863406 +/- 0.14089100029630594
Background_rpf_expo_par1: -1.5800459899665147 +/- 0.006408903029524733
