Background_rpf_expo_par0: -1.7211421983507753 +/- 0.010221109117792844
Background_rpf_expo_par1: -0.9252587166877787 +/- 0.0004633629294084217
