Background_rpf_expo_par0: -1.7211016131694066 +/- 0.10597185776526732
Background_rpf_expo_par1: -0.9252639218320305 +/- 0.004579215105876585
