Background_rpf_expo_par0: -1.7210911080519455 +/- 0.10595566503682217
Background_rpf_expo_par1: -0.9252562003080943 +/- 0.004579752157054357
