Background_rpf_expo_par0: 1.0588136490005657 +/- 0.09704274490896106
Background_rpf_expo_par1: -1.702457004391064 +/- 0.004286480504232063
