Background_rpf_expo_par0: -1.7210695879082587 +/- 0.10578138167644989
Background_rpf_expo_par1: -0.9252549247346042 +/- 0.0045794943343318495
