Background_rpf_expo_par0: -1.721216639936851 +/- 0.10613232596446155
Background_rpf_expo_par1: -0.9252582797590232 +/- 0.004583766505672257
