Background_rpf_expo_par0: -1.7213123581959056 +/- 0.10597240960250064
Background_rpf_expo_par1: -0.9252642737540162 +/- 0.004579957360863385
