Background_rpf_expo_par0: -1.7208626542608196 +/- 0.10595302044643312
Background_rpf_expo_par1: -0.9252540316488255 +/- 0.00457954870032274
