Background_rpf_expo_par0: -1.7211211525315373 +/- 0.10331489496645264
Background_rpf_expo_par1: -0.9252599158269253 +/- 0.004047036270644827
