Background_rpf_expo_par0: -1.7212928050968628 +/- 0.10595609324157493
Background_rpf_expo_par1: -0.9252633125153331 +/- 0.004579761845622098
