Background_rpf_expo_par0: -1.720646380567233 +/- 0.10595333668143028
Background_rpf_expo_par1: -0.9252479573954732 +/- 0.004579553177375564
