Background_rpf_expo2_par0: -0.9352289895435939 +/- 0.0071453034796487794
Background_rpf_expo2_par1: 2.2323625333542805 +/- 0.24789130013742675
Background_rpf_expo2_par2: -6.667178282701128 +/- 0.0
