Background_rpf_expo_par0: -1.7212861793523029 +/- 0.1059539261306629
Background_rpf_expo_par1: -0.9252660491109359 +/- 0.004579645106969646
