Background_rpf_expo_par0: 1.1458759375336685 +/- 0.12815998274427468
Background_rpf_expo_par1: -1.699875552527564 +/- 0.004877226430367094
