Background_rpf_expo_par0: -1.7213223556190789 +/- 0.10595385760874822
Background_rpf_expo_par1: -0.9252640501130983 +/- 0.004579642105533715
