Background_rpf_expo_par0: -1.7213127844598293 +/- 0.10595249308615193
Background_rpf_expo_par1: -0.9252699746654047 +/- 0.004579543528491721
