Background_rpf_expo_par0: 0.691111343312868 +/- 0.11871312081747376
Background_rpf_expo_par1: -1.4913318894832832 +/- 0.0052166833399943475
