Background_rpf_expo_par0: -1.7209175332986886 +/- 0.10693280693213161
Background_rpf_expo_par1: -0.9252467894343799 +/- 0.004597465760967087
