Background_rpf_expo_par0: -1.7211774185273647 +/- 0.10595406541522935
Background_rpf_expo_par1: -0.9252611664203407 +/- 0.004579646515568757
