Background_rpf_expo_par0: -1.721065816399696 +/- 0.10595559923055793
Background_rpf_expo_par1: -0.9252546360692191 +/- 0.0045797491244781085
