Background_rpf_expo_par0: -1.7211346127792944 +/- 0.1059503699385059
Background_rpf_expo_par1: -0.9252605533535072 +/- 0.004579588127775528
