Background_rpf_expo_par0: -1.721072207220508 +/- 0.10595415093152483
Background_rpf_expo_par1: -0.9252573661619855 +/- 0.004579645603841625
