Background_rpf_expo_par0: -1.7212945109083408 +/- 0.10595530873662287
Background_rpf_expo_par1: -0.9252603631135806 +/- 0.004579745458873316
