Background_rpf_expo_par0: 1.118039134990967 +/- 0.11778405722405412
Background_rpf_expo_par1: -1.7006344491676275 +/- 0.004667816257730134
