Background_rpf_expo_par0: -1.7212128290209199 +/- 0.1024757304825612
Background_rpf_expo_par1: -0.9252592836530222 +/- 0.0043045581180317155
