Background_rpf_expo_par0: -1.7210783892003176 +/- 0.22055539969542087
Background_rpf_expo_par1: -0.9252489418874986 +/- 0.007147144070486851
