Background_rpf_expo_par0: -1.7213988642800673 +/- 0.01011196000256752
Background_rpf_expo_par1: -0.9252686885203221 +/- 0.0004656457820313019
