Background_rpf_expo_par0: -1.7211238090757839 +/- 0.10593161633330513
Background_rpf_expo_par1: -0.9252585869440084 +/- 0.004570423186928124
