Background_rpf_expo_par0: -1.7211434312235563 +/- 0.10595406928894728
Background_rpf_expo_par1: -0.9252606164426106 +/- 0.004579646113236372
