Background_rpf_expo_par0: 1.0541913960566989 +/- 0.09133728997460316
Background_rpf_expo_par1: -1.7024485099378763 +/- 0.0040202378299841746
