Background_rpf_expo_par0: -1.720985261055716 +/- 0.10595564172801814
Background_rpf_expo_par1: -0.9252499655917847 +/- 0.004579748401869163
