Background_rpf_expo_par0: -1.7211531502087751 +/- 0.10595554256071085
Background_rpf_expo_par1: -0.9252564590128218 +/- 0.004579749496685626
