Background_rpf_expo_par0: -1.7623795284813824 +/- 0.11364127789877203
Background_rpf_expo_par1: -0.9270408586015009 +/- 0.004912648636712747
