Background_rpf_expo_par0: -1.7624406812844922 +/- 0.11364122218861795
Background_rpf_expo_par1: -0.9270454787652289 +/- 0.004912649394109908
