Background_rpf_expo_par0: -0.9999999999929005 +/- 0.11468794836005564
Background_rpf_expo_par1: -0.9008922859065199 +/- 0.004925345583337489
