Background_rpf_expo_par0: 1.9744837873709695 +/- 0.12221948455281517
Background_rpf_expo_par1: -1.7769057428601824 +/- 0.005597160860162629
