Background_rpf_expo_par0: -1.7207276329303909 +/- 0.106490511261943
Background_rpf_expo_par1: -0.925237554497155 +/- 0.0045895481785923585
