Background_rpf_expo_par0: -1.720920375723656 +/- 0.1059529435278629
Background_rpf_expo_par1: -0.9252557232069394 +/- 0.00457954787605885
