Background_rpf_expo_par0: -1.721198577700662 +/- 0.10595552348906334
Background_rpf_expo_par1: -0.92525931368963 +/- 0.0045797497091560205
