Background_rpf_expo_par0: 1.1386979892668214 +/- 0.11489990520708461
Background_rpf_expo_par1: -1.7000580752925898 +/- 0.004612075000240795
