Background_rpf_expo_par0: -1.7211660443407752 +/- 0.10595553570622677
Background_rpf_expo_par1: -0.9252585388734164 +/- 0.004579750008552259
