Background_rpf_expo_par0: -1.7210283024698023 +/- 0.10573925042096123
Background_rpf_expo_par1: -0.9252618634494408 +/- 0.004578486768331529
