Background_rpf_expo_par0: -1.7210520396175764 +/- 0.105953815397081
Background_rpf_expo_par1: -0.9252561615372268 +/- 0.004579609280057081
