Background_rpf_expo_par0: -1.720809909298624 +/- 0.10594836383697571
Background_rpf_expo_par1: -0.9252571015829512 +/- 0.00457942177552343
