Background_rpf_expo_par0: -1.7212179023298801 +/- 0.10595257213874998
Background_rpf_expo_par1: -0.9252654821614432 +/- 0.0045795432181967
