Background_rpf_expo_par0: -1.7211993534868586 +/- 0.10591717825256317
Background_rpf_expo_par1: -0.9252631188540108 +/- 0.004579040714925352
