Background_rpf_expo_par0: -1.7212790146918622 +/- 0.10595389062140304
Background_rpf_expo_par1: -0.9252631173349886 +/- 0.004579642803294042
