Background_rpf_expo_par0: -1.7212077519844966 +/- 0.10595389531114024
Background_rpf_expo_par1: -0.9252597048048604 +/- 0.00457964145288473
