Background_rpf_expo_par0: 1.0541711437256063 +/- 0.09694741059054911
Background_rpf_expo_par1: -1.7024480132681312 +/- 0.004282997907594033
