Background_rpf_expo_par0: -1.7209700667927044 +/- 0.10595307373796661
Background_rpf_expo_par1: -0.9252589757167844 +/- 0.00457954833489603
