Background_rpf_expo_par0: -1.7213832358434358 +/- 0.10576395764697752
Background_rpf_expo_par1: -0.9252700645967017 +/- 0.004543086737052029
