Background_rpf_expo_par0: -1.7213437192645362 +/- 0.10595393636696528
Background_rpf_expo_par1: -0.9252667583361472 +/- 0.0045796458953231405
