Background_rpf_expo_par0: 2.8581526948617824 +/- 0.17817545641748295
Background_rpf_expo_par1: -0.9356885516127899 +/- 0.005771215652744199
