Background_rpf_expo_par0: -1.721274808257048 +/- 0.10595395152157792
Background_rpf_expo_par1: -0.9252657499152762 +/- 0.004579645453757557
