Background_rpf_expo_par0: -1.7210635282933013 +/- 0.10595425121532442
Background_rpf_expo_par1: -0.9252582934181902 +/- 0.0045796499025589806
