Background_rpf_expo_par0: 1.9749435172257142 +/- 0.12140890727760664
Background_rpf_expo_par1: -1.776895976466092 +/- 0.005577995907573029
