Background_rpf_expo_par0: 0.08499944014229835 +/- 0.3967409120129261
Background_rpf_expo_par1: 0.09056543022300242 +/- 0.014958403517199495
