Background_rpf_expo_par0: -1.7209614068533778 +/- 0.1059541533943637
Background_rpf_expo_par1: -0.9252512107274081 +/- 0.004579643361234425
