Background_rpf_expo_par0: -0.999999967573181 +/- 0.1146949716858068
Background_rpf_expo_par1: -0.9008870150028433 +/- 0.004925474926239577
