Background_rpf_expo_par0: 1.0635244863291555 +/- 0.09827897765717145
Background_rpf_expo_par1: -1.702177481869602 +/- 0.004306426094983358
