Background_rpf_expo_par0: -1.7213167429835265 +/- 0.10595383635521102
Background_rpf_expo_par1: -0.9252649919947622 +/- 0.004579642547866968
