Background_rpf_expo_par0: -1.7209916150924023 +/- 0.10595414809712558
Background_rpf_expo_par1: -0.9252518709083162 +/- 0.004579644201541335
