Background_rpf_expo2_par0: -0.9299327720575193 +/- 0.00942368923788761
Background_rpf_expo2_par1: 1.9046123707254365 +/- 0.41126716128303825
Background_rpf_expo2_par2: -1.0863201458911858 +/- 3.015250604158524
