Background_rpf_expo_par0: -1.762339318423338 +/- 0.11375860720478803
Background_rpf_expo_par1: -0.9270390200653068 +/- 0.004915592928448453
