Background_rpf_expo_par0: -1.72115488046157 +/- 0.10632679673272072
Background_rpf_expo_par1: -0.925259593378473 +/- 0.004581917561512854
