Background_rpf_expo_par0: -1.762137463597847 +/- 0.11965327649401235
Background_rpf_expo_par1: -0.9270243569354188 +/- 0.0050221669528046076
