Background_rpf_expo_par0: -1.762137463597847 +/- 0.11340888705062002
Background_rpf_expo_par1: -0.9270243569354188 +/- 0.0048943883224628615
