Background_rpf_expo_par0: -1.7621410497647643 +/- 0.11967788496635745
Background_rpf_expo_par1: -0.9270244737594008 +/- 0.005022617747103475
