Background_rpf_expo_par0: -1.721135791843225 +/- 0.10298826705800071
Background_rpf_expo_par1: -0.9252590377720875 +/- 0.0045216079167848065
