Background_rpf_expo_par0: -1.7209837847560507 +/- 0.10540993986036862
Background_rpf_expo_par1: -0.9252519126621976 +/- 0.004577048199689721
