Background_rpf_expo_par0: -1.7607425175779516 +/- 0.2655870790608246
Background_rpf_expo_par1: -0.9271383590307313 +/- 0.007487040755147205
