Background_rpf_expo_par0: -1.721030440211831 +/- 0.1065178997356493
Background_rpf_expo_par1: -0.9252539362861861 +/- 0.004591796475249696
