Background_rpf_expo_par0: 1.0541915909775776 +/- 0.059111816210518975
Background_rpf_expo_par1: -1.7024479840363365 +/- 0.0026097684600603355
