Background_rpf_expo_par0: -1.7198434054576477 +/- 0.10595689161352582
Background_rpf_expo_par1: -0.925204598671596 +/- 0.004579757956283627
