Background_rpf_expo_par0: 0.7000804127062834 +/- 0.11885146148736468
Background_rpf_expo_par1: -1.4910747058482072 +/- 0.005219220888142995
