Background_rpf_expo_par0: -1.721135383688447 +/- 0.10595415823335481
Background_rpf_expo_par1: -0.9252611867374179 +/- 0.004579648780469597
