Background_rpf_expo_par0: -1.7211351495152458 +/- 0.105954012555313
Background_rpf_expo_par1: -0.9252573469387528 +/- 0.004579643223424384
