Background_rpf_expo_par0: -1.7211292790326098 +/- 0.10595446186515392
Background_rpf_expo_par1: -0.9252620544015389 +/- 0.004579655653335794
