Background_rpf_expo_par0: 1.0541878283295008 +/- 0.09750612639395745
Background_rpf_expo_par1: -1.7024480306809062 +/- 0.004307398266643947
