Background_rpf_expo_par0: 1.0539866979617507 +/- 0.09763869718472745
Background_rpf_expo_par1: -1.7024597509233872 +/- 0.0042994389853396875
