Background_rpf_expo_par0: -1.7605819194411858 +/- 0.1137259389154237
Background_rpf_expo_par1: -0.9271301389736281 +/- 0.004916237091237512
