Background_rpf_expo_par0: 0.6900945561875292 +/- 0.11870774254595867
Background_rpf_expo_par1: -1.491366186370373 +/- 0.005216731864042655
