Background_rpf_expo_par0: -1.7211333295996207 +/- 0.35555933784086635
Background_rpf_expo_par1: -0.9252585232408753 +/- 0.010473039187701096
