Background_rpf_expo_par0: -1.720735300541958 +/- 0.010067157369091853
Background_rpf_expo_par1: -0.9252417853618202 +/- 0.000461994970863973
