Background_rpf_expo_par0: 1.9747776179841168 +/- 0.12145507395280568
Background_rpf_expo_par1: -1.7768972556882923 +/- 0.005579084858697959
