Background_rpf_expo_par0: -1.720932614337055 +/- 0.14996795849033892
Background_rpf_expo_par1: -0.9252412556039937 +/- 0.005407165478746676
