Background_rpf_expo_par0: 1.9529220313638522 +/- 0.37939505740417084
Background_rpf_expo_par1: -1.9061726459546937 +/- 0.011029542006497734
