Background_rpf_expo_par0: 1.8391372253685887 +/- 0.1762291988466354
Background_rpf_expo_par1: -1.908857014528732 +/- 0.007641414824409151
