Background_rpf_expo_par0: -1.7212171654598056 +/- 0.10595240800542316
Background_rpf_expo_par1: -0.925262961340716 +/- 0.004579537823892717
