Background_rpf_expo_par0: -1.721124387381147 +/- 0.10135833073525649
Background_rpf_expo_par1: -0.9252590279959707 +/- 0.004508194012012609
