Background_rpf_expo_par0: -1.6673462952939542 +/- 0.0
Background_rpf_expo_par1: -0.9236983219600606 +/- 0.0
