Background_fail_par0: 5.263801547417124e-14 +/- 0.0
Background_fail_par1: 3.5550016164349885e-11 +/- 0.0
Background_fail_par2: 1.1872569063536538e-07 +/- 0.0
