Background_rpf_expo_par0: -1.7206130690818515 +/- 0.10517620108197415
Background_rpf_expo_par1: -0.9252505324645437 +/- 0.004567284990737798
