Background_fail_par0: 2.251900567913417e-05 +/- 0.0
Background_fail_par1: 1.4399407305560539 +/- 0.0
Background_fail_par2: 7.409127944593399 +/- 0.548943994988047
