Background_rpf_expo_par0: -1.7621710089452418 +/- 0.11362924516479266
Background_rpf_expo_par1: -0.9270465036440129 +/- 0.0049122449740252126
