Background_rpf_expo_par0: -0.9999999940995382 +/- 0.24715372529244145
Background_rpf_expo_par1: -0.9072477908706335 +/- 0.007157581884650431
