Background_rpf_expo_par0: -1.7210358018249736 +/- 0.10595263523052582
Background_rpf_expo_par1: -0.9252577690515535 +/- 0.004579540395722078
