Background_rpf_expo_par0: -1.7209792690649688 +/- 0.010137214583658332
Background_rpf_expo_par1: -0.9252569886432144 +/- 0.0004504087480962644
