Background_rpf_expo_par0: -1.7210781853140193 +/- 0.010187143751429201
Background_rpf_expo_par1: -0.9252655469648448 +/- 0.0004507317729583473
