Background_rpf_expo_par0: -1.76152374460575 +/- 0.11365389447213306
Background_rpf_expo_par1: -0.9270087879625268 +/- 0.0049129623562307
