Background_rpf_expo2_par0: -0.929972007927831 +/- 0.009688277107325532
Background_rpf_expo2_par1: 1.9071539949476435 +/- 0.4303972592373911
Background_rpf_expo2_par2: -1.117386417812332 +/- 3.2848872528225317
