Background_rpf_expo_par0: 1.0539920415676127 +/- 0.09682540075841789
Background_rpf_expo_par1: -1.7024640357355891 +/- 0.004287314518894525
