Background_rpf_expo_par0: 1.2684632073428699 +/- 0.14456453700427324
Background_rpf_expo_par1: -1.6933154020562369 +/- 0.006339466981649392
