Background_rpf_expo_par0: -1.720964125691944 +/- 0.10595426301321209
Background_rpf_expo_par1: -0.9252542164024967 +/- 0.0045796477156508295
