Background_rpf_expo_par0: -1.721052477199645 +/- 0.10595534818096364
Background_rpf_expo_par1: -0.925246995299562 +/- 0.004579739119985293
