Background_rpf_expo_par0: -1.7213223093235361 +/- 0.15195498299817725
Background_rpf_expo_par1: -0.9252688421848848 +/- 0.005469858738683879
