Background_rpf_expo_par0: -1.7212336352506334 +/- 0.1059541121163346
Background_rpf_expo_par1: -0.9252661358175307 +/- 0.004579650002754154
