Background_rpf_expo_par0: -1.7621460079972735 +/- 0.1136483061905551
Background_rpf_expo_par1: -0.9270337060332485 +/- 0.004912688989949128
