Background_rpf_expo_par0: -1.7621460079972735 +/- 0.11351493041736183
Background_rpf_expo_par1: -0.9270337060332485 +/- 0.0049117666355940615
