Background_rpf_expo_par0: -1.7623112651716561 +/- 0.11364980555340044
Background_rpf_expo_par1: -0.9270369616384203 +/- 0.004912805276791163
