Background_rpf_expo_par0: -1.762417127854835 +/- 0.11364131372859566
Background_rpf_expo_par1: -0.9270427535734618 +/- 0.004912650058734594
