Background_rpf_expo_par0: -1.7211198445934441 +/- 0.10595412209301498
Background_rpf_expo_par1: -0.9252567596433356 +/- 0.004579645678041609
