Background_rpf_expo_par0: -1.720895809762785 +/- 0.1059556907046099
Background_rpf_expo_par1: -0.9252503553498014 +/- 0.004579667369638406
