Background_rpf_expo_par0: -1.7212431991683053 +/- 0.10429069286371895
Background_rpf_expo_par1: -0.9252691877963557 +/- 0.004522756142528679
