Background_rpf_expo_par0: -1.7208786380337802 +/- 0.10728763579489524
Background_rpf_expo_par1: -0.9252387975392009 +/- 0.004604305103308435
