Background_rpf_expo_par0: -1.7051905562163352 +/- 0.10576288674373134
Background_rpf_expo_par1: -0.9245570412244202 +/- 0.004570556812186603
