Background_rpf_expo_par0: -1.7052316448482914 +/- 0.10576246565120782
Background_rpf_expo_par1: -0.9245566757590205 +/- 0.0045705479085225405
