Background_rpf_expo_par0: 1.0542268709610922 +/- 0.0974128581670124
Background_rpf_expo_par1: -1.7024456552441622 +/- 0.0043048763722906
