Background_rpf_expo_par0: -1.7211557054670883 +/- 0.10595557129127373
Background_rpf_expo_par1: -0.9252571113686354 +/- 0.004579750391326285
