Background_rpf_expo_par0: -1.721108817939531 +/- 0.10595372492210064
Background_rpf_expo_par1: -0.9252577465613732 +/- 0.00457962180958119
