Background_rpf_expo_par0: -1.7214235970705305 +/- 0.10595399660117051
Background_rpf_expo_par1: -0.9252722408261106 +/- 0.004579650180006999
