Background_rpf_expo_par0: -1.7211145770863192 +/- 0.1059541632011023
Background_rpf_expo_par1: -0.9252591900350968 +/- 0.00457964849670179
