Background_rpf_expo_par0: -1.7208258504664904 +/- 0.10588073965556825
Background_rpf_expo_par1: -0.9252503812775043 +/- 0.004488115863685259
