Background_rpf_expo_par0: 1.054359084661392 +/- 0.06497678303049104
Background_rpf_expo_par1: -1.7024439548684789 +/- 0.0028629774067405744
