Background_rpf_expo_par0: -1.7212184620212854 +/- 0.10595280578556643
Background_rpf_expo_par1: -0.9252644091543845 +/- 0.004579544887566411
