Background_rpf_expo_par0: -1.7211048407318075 +/- 0.10595412759967855
Background_rpf_expo_par1: -0.9252584246069304 +/- 0.004579646720480233
