Background_rpf_expo_par0: -1.7212635064083213 +/- 0.10595236770340079
Background_rpf_expo_par1: -0.9252680777810471 +/- 0.004579538615597701
