Background_rpf_expo_par0: -1.7211620712257352 +/- 0.1059543947916415
Background_rpf_expo_par1: -0.9252639072306776 +/- 0.004579654297572292
