Background_rpf_expo_par0: 2.463119515364239 +/- 0.22584732513262237
Background_rpf_expo_par1: -3.3178796609788384 +/- 0.009612896020951528
