Background_rpf_expo_par0: 2.462023737115994 +/- 0.2258445092161437
Background_rpf_expo_par1: -3.3179275791659193 +/- 0.009612926045784792
