Background_rpf_expo_par0: 1.9748252892909581 +/- 0.12346073845462445
Background_rpf_expo_par1: -1.7768886957284027 +/- 0.005626227884808674
