Background_rpf_expo_par0: -1.721204807091663 +/- 0.10595407362347321
Background_rpf_expo_par1: -0.9252636402543651 +/- 0.00457964723924249
