Background_rpf_expo_par0: 2.287359262648651 +/- 0.2310869169408249
Background_rpf_expo_par1: -2.3316566694876273 +/- 0.009794322954797747
