Background_rpf_expo_par0: 2.2860272797301455 +/- 0.22707618973720975
Background_rpf_expo_par1: -2.331719598278717 +/- 0.009720121129248221
