Background_rpf_expo_par0: -1.72104086783144 +/- 0.10413438626197068
Background_rpf_expo_par1: -0.9252581583912067 +/- 0.004540498234957965
