Background_rpf_expo_par0: -1.7210355916557472 +/- 0.10595553262930608
Background_rpf_expo_par1: -0.9252528377937105 +/- 0.004579746966990568
