Background_rpf_expo_par0: -1.721214502180227 +/- 0.10595384584325113
Background_rpf_expo_par1: -0.925260953185297 +/- 0.004579640342494422
