Background_rpf_expo_par0: 0.07870038284657316 +/- 0.26678384552608875
Background_rpf_expo_par1: 0.09027486058291809 +/- 0.01246062591981412
