Background_rpf_expo_par0: 0.07872607933177349 +/- 0.26678803515154237
Background_rpf_expo_par1: 0.09027821786449436 +/- 0.012460709443867832
