Background_rpf_expo_par0: -1.7213490726447591 +/- 0.10595383987356918
Background_rpf_expo_par1: -0.9252756592129062 +/- 0.004579646755439546
