Background_rpf_expo_par0: -0.9658669588772035 +/- 0.1103754146086588
Background_rpf_expo_par1: -0.8606196045265427 +/- 0.004983170445544494
