Background_rpf_expo_par0: -0.965871073892659 +/- 0.11094808806121978
Background_rpf_expo_par1: -0.8606202442917948 +/- 0.004997703561671012
