Background_rpf_expo_par0: 1.9746800130982523 +/- 0.12207787688581713
Background_rpf_expo_par1: -1.7769102924551625 +/- 0.005593956446794158
