Background_rpf_1x0_par0: 0.9151981269708759 +/- 0.003813993758204873
Background_rpf_1x0_par1: -1.9985682383631362 +/- 0.0669219840228331
