Background_rpf_expo_par0: -1.7210686130689261 +/- 0.10593534335587902
Background_rpf_expo_par1: -0.9252583464304134 +/- 0.004579009051485426
