Background_rpf_expo_par0: 1.0541974506691332 +/- 0.06730775274068918
Background_rpf_expo_par1: -1.702447160570225 +/- 0.0029781250610392274
