Background_rpf_expo_par0: -1.7211176752805013 +/- 0.10594027258289242
Background_rpf_expo_par1: -0.925260485761805 +/- 0.0045796890672064345
