Background_rpf_expo_par0: -1.7209707058647787 +/- 0.10596594681851254
Background_rpf_expo_par1: -0.9252519461974635 +/- 0.004579819276088227
