Background_rpf_expo_par0: -1.7212339227585003 +/- 0.10595552857773749
Background_rpf_expo_par1: -0.9252591453651546 +/- 0.00457974904837845
