Background_rpf_expo_par0: -1.7212565041569894 +/- 0.10595561767350607
Background_rpf_expo_par1: -0.9252622771765889 +/- 0.004579753482423515
