Background_rpf_1x0_par0: 0.9144652709452608 +/- 0.003598445283782685
Background_rpf_1x0_par1: -1.9788155429379963 +/- 0.057931832321396995
