Background_rpf_1x0_par0: 0.9151522577850186 +/- 0.0038175404945869286
Background_rpf_1x0_par1: -1.9975499655653959 +/- 0.06707567731933277
