Background_rpf_expo_par0: -1.7210058367458936 +/- 0.10595278464131522
Background_rpf_expo_par1: -0.9252605886941676 +/- 0.004579546171695163
