Background_rpf_expo_par0: -1.7211577145925634 +/- 0.10595406312428554
Background_rpf_expo_par1: -0.9252596404636101 +/- 0.004579645352929637
