Background_rpf_expo_par0: 1.1284571631058302 +/- 0.11092087987428086
Background_rpf_expo_par1: -1.7003416269372147 +/- 0.004544504071568913
