Background_rpf_expo_par0: -1.721031826387699 +/- 0.10461087981249122
Background_rpf_expo_par1: -0.9252563113649006 +/- 0.00446331933521265
