Background_rpf_expo_par0: -1.7608195318816993 +/- 0.11372586976748293
Background_rpf_expo_par1: -0.9271391544151006 +/- 0.004916239650054032
