Background_rpf_expo_par0: -1.7213555097240518 +/- 0.10595520787100186
Background_rpf_expo_par1: -0.9252645084610931 +/- 0.004579744036311749
