Background_rpf_expo_par0: -0.9999999941667111 +/- 0.11469826542530824
Background_rpf_expo_par1: -0.9008928012151178 +/- 0.0049255464990209325
