Background_rpf_expo_par0: 2.315336048493641 +/- 0.3371967428659633
Background_rpf_expo_par1: -3.5055442007408 +/- 0.014351726740448071
