Background_rpf_expo_par0: 2.314587225085973 +/- 0.3371933136467453
Background_rpf_expo_par1: -3.5055931962586775 +/- 0.014351812340914078
