Background_rpf_expo_par0: -1.7212407846375546 +/- 0.10595419076089625
Background_rpf_expo_par1: -0.9252681545641479 +/- 0.004579652871130542
