Background_rpf_expo_par0: -1.7210605711964768 +/- 0.10595490945740124
Background_rpf_expo_par1: -0.9252596604754445 +/- 0.0045796630228855445
