Background_rpf_expo_par0: -1.721002598307527 +/- 0.10595702340511792
Background_rpf_expo_par1: -0.9252568546523939 +/- 0.004579692174963791
