Background_rpf_expo_par0: -1.720631381613757 +/- 0.010493194031985138
Background_rpf_expo_par1: -0.9252513501541499 +/- 0.0004469143064129314
