Background_rpf_expo_par0: -1.7210823100443493 +/- 0.10595405946536567
Background_rpf_expo_par1: -0.9252552246843053 +/- 0.004579643092597075
