Background_rpf_expo_par0: -1.7211205720039453 +/- 0.1059525292744983
Background_rpf_expo_par1: -0.9252598374070473 +/- 0.004579539226243183
