Background_rpf_expo_par0: -0.999999999845488 +/- 0.11468732571010225
Background_rpf_expo_par1: -0.9008836662974277 +/- 0.0049253301860398176
