Background_rpf_expo_par0: -1.7211615654801398 +/- 0.10595403123745728
Background_rpf_expo_par1: -0.9252607635159138 +/- 0.004579645424737031
