Background_rpf_expo_par0: -1.7213643234960803 +/- 0.1460870278827447
Background_rpf_expo_par1: -0.9252611348058459 +/- 0.005373725477181891
