Background_rpf_expo_par0: -1.7218819743454437 +/- 0.1059595945916766
Background_rpf_expo_par1: -0.9252838514970814 +/- 0.004579876984241179
