Background_rpf_expo_par0: 2.080908653105257 +/- 0.155425502825432
Background_rpf_expo_par1: -1.7737723340075673 +/- 0.0062622358773852145
