Background_rpf_expo_par0: -1.721252505447317 +/- 0.10595255930648227
Background_rpf_expo_par1: -0.9252687280657663 +/- 0.004579544287364479
