Background_rpf_expo_par0: -1.7211518783645576 +/- 0.01035685870968678
Background_rpf_expo_par1: -0.9252582532474811 +/- 0.0004442768612924957
