Background_rpf_expo_par0: -1.720651111355307 +/- 0.22107569766219712
Background_rpf_expo_par1: -0.9252336867102805 +/- 0.006666367891308965
