Background_rpf_expo_par0: -1.72110329734131 +/- 0.1059552774942297
Background_rpf_expo_par1: -0.925244480146507 +/- 0.004579736672092104
