Background_fail_par0: 99.99999999850944 +/- 93.4637445317502
Background_fail_par1: -16.474368402836774 +/- 34.799003551551145
