Background_rpf_expo_par0: -1.7622064610356725 +/- 0.11364724355909281
Background_rpf_expo_par1: -0.9270327901796631 +/- 0.0049127496245998945
