Background_rpf_expo_par0: -1.7211209708657327 +/- 0.010103525928118398
Background_rpf_expo_par1: -0.9252598391521942 +/- 0.0004649197305413205
