Background_rpf_expo_par0: 1.1188247743263469 +/- 0.11804744870969047
Background_rpf_expo_par1: -1.7006063406919067 +/- 0.004672799621643554
