Background_rpf_1x0_par0: 0.8307090077235593 +/- 0.003681248075637133
Background_rpf_1x0_par1: -1.2946592085591642 +/- 0.07070822476381983
