Background_fail_par0: 99.99999545714948 +/- 42.617021000756985
Background_fail_par1: -13.960666160665582 +/- 1.052988033080552
