Background_rpf_1x0_par0: 0.830702433995799 +/- 0.0036679007060689576
Background_rpf_1x0_par1: -1.2945450117148158 +/- 0.07016304351610976
