Background_fail_par0: 99.99998629075192 +/- 40.73414374841978
Background_fail_par1: -13.960655119778153 +/- 0.9842610555302646
