Background_rpf_expo_par0: -1.7211500014419823 +/- 0.010349844254294013
Background_rpf_expo_par1: -0.9252593150134034 +/- 0.00044171147864421184
