Background_rpf_expo_par0: -1.7211450632172827 +/- 0.10595407913543946
Background_rpf_expo_par1: -0.9252610739442395 +/- 0.004579646647435467
