Background_rpf_expo_par0: -1.721112203140657 +/- 0.10595221420618268
Background_rpf_expo_par1: -0.9252636134288325 +/- 0.004579536524597562
