Background_rpf_expo_par0: -1.7211376972020198 +/- 0.09823029256876437
Background_rpf_expo_par1: -0.9252570833640366 +/- 0.00446094911941397
