Background_rpf_expo_par0: -1.7210367629428702 +/- 0.10595405053772994
Background_rpf_expo_par1: -0.9252592518603734 +/- 0.004579648533989528
