Background_rpf_expo_par0: -1.721032946963609 +/- 0.10596738975383911
Background_rpf_expo_par1: -0.9252517005756926 +/- 0.004579966245785368
