Background_rpf_expo_par0: -1.7208860815255895 +/- 0.10489079470689726
Background_rpf_expo_par1: -0.9252446265588267 +/- 0.004370924645323808
