Background_rpf_expo_par0: -1.720972151852962 +/- 0.10595335875912879
Background_rpf_expo_par1: -0.9252594551648843 +/- 0.004579557095192899
