Background_rpf_expo_par0: -1.7621039777107061 +/- 0.12030084702504387
Background_rpf_expo_par1: -0.9270234057034339 +/- 0.005034145366817894
