Background_rpf_expo_par0: -1.7213101252084917 +/- 0.10622440082377711
Background_rpf_expo_par1: -0.9252610063524307 +/- 0.004584774984184583
