Background_rpf_expo_par0: -1.7215376421063369 +/- 0.1059536353619268
Background_rpf_expo_par1: -0.9252771601007256 +/- 0.004579642900237463
