Background_rpf_1x0_par0: 4.220205825033112 +/- 0.022431794176379926
Background_rpf_1x0_par1: 4.453353621487646 +/- 0.5277749473091168
