Background_rpf_1x0_par0: 4.220234037064387 +/- 0.02240497104487219
Background_rpf_1x0_par1: 4.453004621670712 +/- 0.5267259448986419
