Background_rpf_expo_par0: -1.7216258096550459 +/- 0.10595503573913014
Background_rpf_expo_par1: -0.9252780639622807 +/- 0.004579746109882328
