Background_rpf_expo_par0: -1.7212093058968498 +/- 0.10595686067557243
Background_rpf_expo_par1: -0.9252610264771544 +/- 0.004579771287517157
