Background_rpf_expo_par0: -1.7211749727587944 +/- 0.10595396277018194
Background_rpf_expo_par1: -0.9252581669907525 +/- 0.004579642144375792
