Background_rpf_expo_par0: -1.7594520474930209 +/- 0.11373498055995095
Background_rpf_expo_par1: -0.927085327926584 +/- 0.004916391602648194
