Background_rpf_expo_par0: 0.6895690633920953 +/- 0.11870557083957257
Background_rpf_expo_par1: -1.4913907675849143 +/- 0.0052166294546322125
