Background_rpf_expo_par0: 0.690083584006464 +/- 0.11871273266499204
Background_rpf_expo_par1: -1.4913653576980779 +/- 0.005216871865957668
