Background_rpf_expo_par0: -1.7210445196259596 +/- 0.29174807147415066
Background_rpf_expo_par1: -0.92526357902765 +/- 0.007555320623505436
