Background_rpf_expo_par0: -0.9999999976911541 +/- 0.1576742193791718
Background_rpf_expo_par1: -0.9033347998835088 +/- 0.005730679294439585
