Background_rpf_expo_par0: -0.9999999886476473 +/- 0.11468853598934058
Background_rpf_expo_par1: -0.9008815160343746 +/- 0.004925356473518743
