Background_rpf_expo_par0: -1.721181873063877 +/- 0.10595552954721385
Background_rpf_expo_par1: -0.9252590363518411 +/- 0.004579750154196216
