Background_rpf_expo_par0: 1.0730836135867088 +/- 0.10064337833824107
Background_rpf_expo_par1: -1.7019065237297375 +/- 0.0043512743132114295
