Background_rpf_expo_par0: -1.7211048400454803 +/- 0.10595422942898414
Background_rpf_expo_par1: -0.9252613922114177 +/- 0.004579650507780741
