Background_rpf_expo_par0: -1.7212753337486104 +/- 0.10595377528685578
Background_rpf_expo_par1: -0.9252611893280236 +/- 0.004579639119165633
