Background_rpf_expo_par0: -1.721193264564182 +/- 0.10595273520058496
Background_rpf_expo_par1: -0.9252696727814629 +/- 0.0045795493574040235
