Background_rpf_expo_par0: -1.7210350499116251 +/- 0.10598532195884053
Background_rpf_expo_par1: -0.9252571325432233 +/- 0.004580224830382718
