Background_rpf_expo_par0: 1.054209104972626 +/- 0.05873115681029267
Background_rpf_expo_par1: -1.7024477320388047 +/- 0.0025911758863512713
