Background_rpf_expo_par0: -1.7214434506461134 +/- 0.10595876001802064
Background_rpf_expo_par1: -0.9252636656733696 +/- 0.004579776134178319
