Background_rpf_expo_par0: -1.7213264875649648 +/- 0.10595534101312372
Background_rpf_expo_par1: -0.9252655082299548 +/- 0.004579747979310908
