Background_rpf_expo_par0: -1.720826928323123 +/- 0.1059483335872611
Background_rpf_expo_par1: -0.9252559098808301 +/- 0.004579419815765309
