Background_rpf_expo_par0: 1.0568384686463201 +/- 0.09702526639898085
Background_rpf_expo_par1: -1.7025128213943468 +/- 0.004286172232822636
