Background_rpf_expo_par0: -1.7213145294070042 +/- 0.1059539022758651
Background_rpf_expo_par1: -0.9252648773128759 +/- 0.0045796443770586255
