Background_rpf_expo_par0: -1.721142953509445 +/- 0.10594944262855151
Background_rpf_expo_par1: -0.92526741391041 +/- 0.004579520689634707
