Background_rpf_expo_par0: -1.7211025474912172 +/- 0.10595565828732706
Background_rpf_expo_par1: -0.9252543226974481 +/- 0.004579749582146756
