Background_rpf_expo_par0: 1.3410303139172326 +/- 0.22297582752975453
Background_rpf_expo_par1: -1.695734839615983 +/- 0.006344626604678577
