Background_rpf_expo_par0: -1.7211024621184994 +/- 0.1059383633637603
Background_rpf_expo_par1: -0.9252605268227401 +/- 0.0045792915237581455
