Background_rpf_expo_par0: -1.7211597282451063 +/- 0.1044510244287667
Background_rpf_expo_par1: -0.9252663390907871 +/- 0.0042837469127021245
