Background_rpf_expo_par0: -1.7212711807045182 +/- 0.10595862053213659
Background_rpf_expo_par1: -0.9252600469571219 +/- 0.004579772991479711
