Background_rpf_expo_par0: 2.4366941853548774 +/- 0.21243933609058482
Background_rpf_expo_par1: -2.12883639806057 +/- 0.009083284283751727
