Background_rpf_expo_par0: 2.5977581554927887 +/- 0.2737610922735858
Background_rpf_expo_par1: -2.1243839350040394 +/- 0.01026136445417715
