Background_rpf_expo_par0: -1.7212239142356371 +/- 0.10595410626395678
Background_rpf_expo_par1: -0.9252646169028997 +/- 0.0045796492620329594
