Background_rpf_expo_par0: -1.7211502612206278 +/- 0.10595423553715279
Background_rpf_expo_par1: -0.92526130241821 +/- 0.00457964999144452
