Background_rpf_expo_par0: -1.721286738217307 +/- 0.10595254652577099
Background_rpf_expo_par1: -0.925269538631436 +/- 0.004579544552549854
