Background_rpf_expo_par0: -1.7213911468088434 +/- 0.10587073232198357
Background_rpf_expo_par1: -0.9252635523599488 +/- 0.0045764912368095115
