Background_rpf_expo_par0: 2.185255703334202 +/- 0.09347325473678776
Background_rpf_expo_par1: -0.952593011796976 +/- 0.004336545814762237
