Background_rpf_expo_par0: 2.185261617815305 +/- 0.09321734006814768
Background_rpf_expo_par1: -0.9525901277828492 +/- 0.004330416731811371
