Background_rpf_expo_par0: -1.7208906641992932 +/- 0.10595291670227973
Background_rpf_expo_par1: -0.9252534422501592 +/- 0.004579545834605496
