Background_rpf_expo_par0: -1.7205307227665925 +/- 0.10487369751231934
Background_rpf_expo_par1: -0.925234574763713 +/- 0.004578508787536039
