Background_rpf_expo_par0: -1.7207814350585797 +/- 0.10596980905838131
Background_rpf_expo_par1: -0.925247662681719 +/- 0.00457996822077596
