Background_rpf_expo_par0: -1.720948482694791 +/- 0.1059543405342553
Background_rpf_expo_par1: -0.9252532532527052 +/- 0.004579649125259508
