Background_rpf_expo_par0: -1.720954962295592 +/- 0.10595447018332856
Background_rpf_expo_par1: -0.9252568659866052 +/- 0.004579654529930602
