Background_rpf_expo_par0: -1.7211314710085932 +/- 0.10595578104834705
Background_rpf_expo_par1: -0.9252567954187568 +/- 0.004579753830866899
