Background_rpf_expo_par0: -1.7212021059431655 +/- 0.10595259675476437
Background_rpf_expo_par1: -0.9252651953233416 +/- 0.004579543962314059
