Background_rpf_expo_par0: -1.7208215034953023 +/- 0.10594970600581056
Background_rpf_expo_par1: -0.9252525554143816 +/- 0.0045795209987946756
