Background_rpf_expo_par0: -1.7212936920925774 +/- 0.10595244993406697
Background_rpf_expo_par1: -0.9252663377274271 +/- 0.00457954093465919
