Background_rpf_expo_par0: -1.7216861406897561 +/- 0.10595964269944701
Background_rpf_expo_par1: -0.9252699295624375 +/- 0.004579871169863023
