Background_rpf_expo_par0: -1.7211808687767425 +/- 0.10534867999994559
Background_rpf_expo_par1: -0.9252636045624236 +/- 0.0045765867668966865
