Background_rpf_expo_par0: -1.7212657505373563 +/- 0.10595410331346027
Background_rpf_expo_par1: -0.9252639088111643 +/- 0.004579647927849531
