Background_rpf_expo_par0: -1.7211643622114383 +/- 0.10595552686356269
Background_rpf_expo_par1: -0.9252579422513569 +/- 0.004579749518794234
