Background_rpf_expo_par0: -1.7210046965414216 +/- 0.010207056063467708
Background_rpf_expo_par1: -0.9252540698367223 +/- 0.000453629384665854
