Background_rpf_expo_par0: -1.7209476058165751 +/- 0.10595436399973247
Background_rpf_expo_par1: -0.9252540269579301 +/- 0.0045796504969731104
