Background_rpf_expo_par0: -1.72114895520025 +/- 0.10595403771703253
Background_rpf_expo_par1: -0.9252600766818719 +/- 0.0045796450843408635
