Background_rpf_expo_par0: -1.7211197661939883 +/- 0.010215789776872873
Background_rpf_expo_par1: -0.9252586685652322 +/- 0.0004643360740316396
