Background_rpf_expo_par0: -1.7212177050505788 +/- 0.10607337859049863
Background_rpf_expo_par1: -0.9252531144937006 +/- 0.0045820361938886155
