Background_rpf_expo_par0: -1.721055089293082 +/- 0.010199447651445563
Background_rpf_expo_par1: -0.9252568273224732 +/- 0.00046871186003194845
