Background_rpf_expo_par0: -1.7211208667032885 +/- 0.10517260006056857
Background_rpf_expo_par1: -0.9252598318470868 +/- 0.004308651863634112
