Background_rpf_expo_par0: -1.7212009083229023 +/- 0.1059540706780849
Background_rpf_expo_par1: -0.9252634269207303 +/- 0.004579647674359672
