Background_rpf_expo_par0: -1.721470392121067 +/- 0.10636917337208966
Background_rpf_expo_par1: -0.925279487348792 +/- 0.004587207426975973
