Background_rpf_expo_par0: -1.7212248255269627 +/- 0.10595394854639249
Background_rpf_expo_par1: -0.9252630376352526 +/- 0.0045796441694017
