Background_rpf_expo_par0: 2.606983986132857 +/- 0.29275582249146
Background_rpf_expo_par1: -3.082095533618119 +/- 0.012396781794096517
