Background_rpf_expo_par0: 2.6066109922765714 +/- 0.2927498800795417
Background_rpf_expo_par1: -3.0821044531392934 +/- 0.012396682653617163
