Background_rpf_expo_par0: -1.7211714179018622 +/- 0.10596435196873609
Background_rpf_expo_par1: -0.9252615933020842 +/- 0.004579835219668628
