Background_rpf_expo_par0: -1.721209615707555 +/- 0.10595385855623954
Background_rpf_expo_par1: -0.9252575064785904 +/- 0.004579639524629204
