Background_rpf_expo_par0: -1.720854425937584 +/- 0.10597448293296803
Background_rpf_expo_par1: -0.9252486856985335 +/- 0.004580080650372351
