Background_rpf_expo_par0: -1.7212950530692197 +/- 0.1057397812292515
Background_rpf_expo_par1: -0.9252640902415898 +/- 0.004542021697335231
