Background_rpf_expo_par0: 1.0541806632016892 +/- 0.09694661329918836
Background_rpf_expo_par1: -1.7024467055828205 +/- 0.004282981289392159
