Background_rpf_expo_par0: -1.7211859693474978 +/- 0.10595400698565256
Background_rpf_expo_par1: -0.9252606973219722 +/- 0.004579644883262663
