Background_rpf_expo_par0: -1.7208711263101621 +/- 0.10595433538852604
Background_rpf_expo_par1: -0.9252506410856316 +/- 0.004579647991684432
