Background_rpf_expo_par0: -1.7209687671189147 +/- 0.10595597208733097
Background_rpf_expo_par1: -0.9252506521114202 +/- 0.004579755114672662
