Background_rpf_expo_par0: -1.7206992168706634 +/- 0.1060556396056784
Background_rpf_expo_par1: -0.9252303048028356 +/- 0.004581646608144076
