Background_rpf_expo_par0: -1.7213844350176923 +/- 0.10597458666365077
Background_rpf_expo_par1: -0.9252657478205104 +/- 0.004580032037952449
