Background_rpf_expo_par0: -1.7211691378598362 +/- 0.10595656378052878
Background_rpf_expo_par1: -0.9252606945888069 +/- 0.004579765120976867
