Background_rpf_expo2_par0: -0.9299498036627459 +/- 0.009420087199107263
Background_rpf_expo2_par1: 1.9054656503219554 +/- 0.4110685045497654
Background_rpf_expo2_par2: -1.0932574577079561 +/- 3.0136934042942487
