Background_rpf_expo_par0: -1.7213963070419003 +/- 0.10595514464924612
Background_rpf_expo_par1: -0.9252609105964353 +/- 0.004579741468039575
