Background_rpf_expo_par0: -1.7208970408766044 +/- 0.10593011648134387
Background_rpf_expo_par1: -0.9252515519264249 +/- 0.004579432398434134
