Background_rpf_expo_par0: -1.7211674679563385 +/- 0.10595260727193889
Background_rpf_expo_par1: -0.9252647536517032 +/- 0.004579543670532125
