Background_rpf_expo_par0: -1.7210604294255236 +/- 0.10595404512697737
Background_rpf_expo_par1: -0.9252580899179323 +/- 0.004579643197882444
