Background_rpf_expo_par0: 1.7942828841996867 +/- 0.14300809302734496
Background_rpf_expo_par1: -1.434426466837039 +/- 0.006585584697379337
