Background_rpf_expo_par0: -1.7212021074804509 +/- 0.1059525422691293
Background_rpf_expo_par1: -0.9252660494808669 +/- 0.004579543063159347
