Background_rpf_expo_par0: 1.9748333978309998 +/- 0.12241268736019872
Background_rpf_expo_par1: -1.7768940763681986 +/- 0.005601591917491721
