Background_rpf_expo_par0: -1.720978699691711 +/- 0.10594801292095912
Background_rpf_expo_par1: -0.9252550036734262 +/- 0.00457840356009629
