Background_rpf_expo_par0: 1.0541610082411788 +/- 0.08206789016637606
Background_rpf_expo_par1: -1.7024502709756366 +/- 0.0036174286351340346
