Background_rpf_expo_par0: -1.721160644235862 +/- 0.10595626978607645
Background_rpf_expo_par1: -0.9252597653600236 +/- 0.004579677429771002
