Background_rpf_expo_par0: -1.7624638356862814 +/- 0.11367082558173813
Background_rpf_expo_par1: -0.9270407845463945 +/- 0.0049185995375523595
