Background_rpf_expo_par0: -1.721280257395178 +/- 0.10595400127122445
Background_rpf_expo_par1: -0.9252668229101193 +/- 0.004579647495926706
