Background_rpf_expo_par0: -1.7608494177977752 +/- 0.11372573632391464
Background_rpf_expo_par1: -0.9271378213353729 +/- 0.004916237332891385
