Background_rpf_expo_par0: -1.7207399378010004 +/- 0.10073702875743548
Background_rpf_expo_par1: -0.925248832688953 +/- 0.004530655564138833
