Background_rpf_expo_par0: 1.0541887196445165 +/- 0.09694673351792743
Background_rpf_expo_par1: -1.70244828707464 +/- 0.004282985857731316
