Background_rpf_expo_par0: -1.7211094304227859 +/- 0.10595192503237606
Background_rpf_expo_par1: -0.9252564406962851 +/- 0.004440921666808914
