Background_rpf_expo_par0: -1.7210377578825171 +/- 0.10595277250123533
Background_rpf_expo_par1: -0.9252628948568928 +/- 0.004579547023871103
