Background_rpf_expo_par0: -1.7623031949482724 +/- 0.11365527966219724
Background_rpf_expo_par1: -0.9270438387283022 +/- 0.004921953637722798
