Background_rpf_expo_par0: -1.76234967093021 +/- 0.11355286379701379
Background_rpf_expo_par1: -0.9270398851943299 +/- 0.004915191131634744
