Background_rpf_expo_par0: -1.7624568529889193 +/- 0.11316210224778589
Background_rpf_expo_par1: -0.9270486738210548 +/- 0.004887104806286402
