Background_rpf_expo_par0: -1.7206003730198631 +/- 0.27703736300910997
Background_rpf_expo_par1: -0.9252357688788703 +/- 0.0074558148337825906
