Background_rpf_expo_par0: -1.721231177134361 +/- 0.10596236859845005
Background_rpf_expo_par1: -0.9252594379238281 +/- 0.0045797962168377
