Background_rpf_expo_par0: -1.7211264695632544 +/- 0.10595395521843208
Background_rpf_expo_par1: -0.9252534031419306 +/- 0.004579640240520238
