Background_rpf_expo_par0: -1.720825612243331 +/- 0.10595597177634543
Background_rpf_expo_par1: -0.9252475519358191 +/- 0.004579755572786595
