Background_rpf_expo_par0: -1.7211902181252388 +/- 0.10587294455188663
Background_rpf_expo_par1: -0.9252577706418201 +/- 0.0045797478855556925
