Background_rpf_expo_par0: -1.721146580020279 +/- 0.10595550794940296
Background_rpf_expo_par1: -0.9252563138840881 +/- 0.0045797480676699085
