Background_rpf_expo_par0: -1.7212191814569047 +/- 0.10586474424041954
Background_rpf_expo_par1: -0.9252619023614221 +/- 0.004562381314609599
