Background_rpf_expo_par0: -1.7210655526783445 +/- 0.09959083835712164
Background_rpf_expo_par1: -0.9252533834477334 +/- 0.004512705523165787
