Background_rpf_expo_par0: -1.7211200015227925 +/- 0.1059541582902591
Background_rpf_expo_par1: -0.9252604325780097 +/- 0.0045796482775626235
