Background_rpf_expo_par0: 1.0541890261585616 +/- 0.09694673767832919
Background_rpf_expo_par1: -1.7024481465139645 +/- 0.004282985721674043
