Background_rpf_expo_par0: -1.7625915513238326 +/- 0.11363938611851285
Background_rpf_expo_par1: -0.9270543410939754 +/- 0.004912527389795799
