Background_rpf_expo_par0: 0.6928878999543048 +/- 0.11877285286843517
Background_rpf_expo_par1: -1.4912922632078507 +/- 0.005217714841862819
