Background_rpf_expo_par0: 1.6109999841044758 +/- 0.11927960572515127
Background_rpf_expo_par1: -1.4064122333398237 +/- 0.005432011170640401
