Background_rpf_expo_par0: -1.72127042053903 +/- 0.10731740444577292
Background_rpf_expo_par1: -0.9252622647115734 +/- 0.0046034657800799565
