Background_rpf_expo_par0: -1.7211297620173953 +/- 0.010285803708468873
Background_rpf_expo_par1: -0.9252613850777061 +/- 0.00045217449406124174
