Background_rpf_expo_par0: -1.7213688230506854 +/- 0.10595937177109195
Background_rpf_expo_par1: -0.9252659010798193 +/- 0.004579825366318136
