Background_rpf_expo_par0: -1.7207641335831503 +/- 0.10595439951379966
Background_rpf_expo_par1: -0.9252395627118419 +/- 0.004579644284919133
