Background_rpf_expo_par0: -1.7212479062268184 +/- 0.10167733168969521
Background_rpf_expo_par1: -0.9252662414172328 +/- 0.004513156947773237
