Background_rpf_expo_par0: 1.0568706533894163 +/- 0.09702269262816686
Background_rpf_expo_par1: -1.702499924006104 +/- 0.004286117194378844
