Background_rpf_expo_par0: 1.9744347532223725 +/- 0.12141280989353408
Background_rpf_expo_par1: -1.776903872434116 +/- 0.0055781659239048645
