Background_rpf_expo_par0: 1.1670022122875434 +/- 0.13680354128108987
Background_rpf_expo_par1: -1.6993784324688097 +/- 0.005021913361909219
