Background_rpf_expo_par0: 1.0565617045058378 +/- 0.09702202735599365
Background_rpf_expo_par1: -1.7025241816460928 +/- 0.004286118336143866
