Background_rpf_expo_par0: -1.721176843420739 +/- 0.10595547398513895
Background_rpf_expo_par1: -0.9252582781125103 +/- 0.004579747887871331
