Background_rpf_expo_par0: 1.253454436123776 +/- 0.1442965691799393
Background_rpf_expo_par1: -1.6937534602858921 +/- 0.006334692795697314
