Background_rpf_expo_par0: -1.7211071788152903 +/- 0.10585848151305069
Background_rpf_expo_par1: -0.9252602591130472 +/- 0.004575718689185576
