Background_rpf_expo_par0: -1.7211219685120756 +/- 0.10595413434697992
Background_rpf_expo_par1: -0.9252599574743453 +/- 0.004579647525402561
