Background_rpf_expo_par0: -1.7212101271614435 +/- 0.10604760597790128
Background_rpf_expo_par1: -0.9252548535273715 +/- 0.00458154537352359
