Background_rpf_expo_par0: -1.721020115103421 +/- 0.10595425439333521
Background_rpf_expo_par1: -0.9252572131137076 +/- 0.004579648966474426
