Background_rpf_expo_par0: -1.7208210634276935 +/- 0.105955809222826
Background_rpf_expo_par1: -0.9252388978281471 +/- 0.004579748097196265
