Background_rpf_expo_par0: 1.0541171221060144 +/- 0.09694673390292939
Background_rpf_expo_par1: -1.7024524560749108 +/- 0.00428299136312911
