Background_rpf_expo_par0: -1.72120586046409 +/- 0.10595309705736776
Background_rpf_expo_par1: -0.9252596568890613 +/- 0.004579624013692598
