Background_rpf_expo_par0: 1.2543994017835747 +/- 0.14429878296687296
Background_rpf_expo_par1: -1.6937086381715876 +/- 0.006334693169474197
