Background_rpf_expo_par0: -1.7212138443878622 +/- 0.10595471465782283
Background_rpf_expo_par1: -0.9252588496865655 +/- 0.004579657313642927
