Background_rpf_expo_par0: -1.7211103346257304 +/- 0.10595544958576768
Background_rpf_expo_par1: -0.9252525751056537 +/- 0.004579744675024646
