Background_rpf_expo_par0: -1.7211972973100325 +/- 0.10595240100083737
Background_rpf_expo_par1: -0.9252603835772368 +/- 0.004579612963175772
