Background_rpf_expo_par0: -1.721070945882344 +/- 0.10292358034719032
Background_rpf_expo_par1: -0.9252537220516239 +/- 0.004520427103168226
