Background_rpf_expo_par0: -1.7212767886053162 +/- 0.10595388047297767
Background_rpf_expo_par1: -0.9252639278850064 +/- 0.004579643168607142
