Background_rpf_expo_par0: -1.7605755336214628 +/- 0.11368987911819985
Background_rpf_expo_par1: -0.9269913531439316 +/- 0.004913455661337321
