Background_fail_par0: 3.1319786716367537e-10 +/- 0.0
Background_fail_par1: 3.5623715361146765e-06 +/- 0.0
Background_fail_par2: 2.6600629540449226e-05 +/- 0.0
