Background_rpf_expo_par0: -1.7209738180859426 +/- 0.10595568502642203
Background_rpf_expo_par1: -0.925248476778956 +/- 0.004579749378162959
