Background_rpf_expo_par0: -1.7212482952698802 +/- 0.10595375993886834
Background_rpf_expo_par1: -0.9252597053001695 +/- 0.004579637879040046
