Background_rpf_expo_par0: -1.7211779167231995 +/- 0.10567317080266597
Background_rpf_expo_par1: -0.925263176194983 +/- 0.004575171232370784
