Background_rpf_expo_par0: -1.721036258039146 +/- 0.10595443045277021
Background_rpf_expo_par1: -0.9252612319114921 +/- 0.004579655199429109
