Background_rpf_expo_par0: -1.7213650948573402 +/- 0.10595355588281789
Background_rpf_expo_par1: -0.9252717823649392 +/- 0.004579646202020738
