Background_rpf_expo_par0: -1.7211511987543073 +/- 0.10595416550950666
Background_rpf_expo_par1: -0.9252619762443856 +/- 0.004579649460459067
