Background_rpf_expo_par0: 1.9748089992235898 +/- 0.12279196463992709
Background_rpf_expo_par1: -1.7768759756553603 +/- 0.005610459384429993
