Background_rpf_expo_par0: -1.7212192138133129 +/- 0.0931890217493765
Background_rpf_expo_par1: -0.9252658841544906 +/- 0.004002954083573159
