Background_rpf_expo_par0: 0.6902916956971825 +/- 0.11870690674447584
Background_rpf_expo_par1: -1.491360367904626 +/- 0.005216630919699974
