Background_rpf_expo_par0: -1.7211634801702564 +/- 0.10595011269661779
Background_rpf_expo_par1: -0.9252615189894248 +/- 0.004579242180644737
