Background_rpf_expo2_par0: -1.6927019656008817 +/- 0.00815494114619135
Background_rpf_expo2_par1: -1.529601042187422 +/- 0.3528048044016465
Background_rpf_expo2_par2: 3.594313770972829 +/- 2.5749655433806327
