Background_rpf_expo_par0: -1.7623691458946507 +/- 0.010889831739095123
Background_rpf_expo_par1: -0.9270393336894036 +/- 0.0004998856988979459
