Background_rpf_expo_par0: -1.7626263668646995 +/- 0.1136464196675952
Background_rpf_expo_par1: -0.9270433330427167 +/- 0.004912792353496358
