Background_rpf_expo_par0: -1.7623484374808558 +/- 0.11364312466785713
Background_rpf_expo_par1: -0.9270387444800982 +/- 0.004912771925156896
