Background_rpf_expo_par0: -1.7623019005984377 +/- 0.11364145979583824
Background_rpf_expo_par1: -0.9270377234916156 +/- 0.004912651107822328
