Background_rpf_expo_par0: 1.0534726161743135 +/- 0.09524218866546341
Background_rpf_expo_par1: -1.7024878635351468 +/- 0.00421981403182714
