Background_rpf_expo_par0: -1.721152041859065 +/- 0.10595173470578145
Background_rpf_expo_par1: -0.9252611360071864 +/- 0.004579460075877512
