Background_rpf_expo_par0: -1.721205637237738 +/- 0.010580513298261427
Background_rpf_expo_par1: -0.925251545158776 +/- 0.0004507275318616819
