Background_rpf_expo_par0: -1.7213147184425002 +/- 0.10575737668006807
Background_rpf_expo_par1: -0.9252629062081182 +/- 0.004576593644512541
