Background_rpf_expo_par0: -1.7209802190952987 +/- 0.1103043830564482
Background_rpf_expo_par1: -0.9252460367278229 +/- 0.004658083015226465
