Background_rpf_expo_par0: -1.7621830407417078 +/- 0.11364175678960885
Background_rpf_expo_par1: -0.9270346471722722 +/- 0.004912656243442015
