Background_rpf_expo_par0: 1.0543020748480258 +/- 0.09694883350115177
Background_rpf_expo_par1: -1.7024336809504492 +/- 0.004283013245022206
