Background_rpf_expo_par0: -1.7213657843579493 +/- 0.10595390226075192
Background_rpf_expo_par1: -0.9252699903132484 +/- 0.004579646171268139
