Background_rpf_expo_par0: 1.0541818459872871 +/- 0.06743265890348576
Background_rpf_expo_par1: -1.7024481400503404 +/- 0.0029703513804035797
