Background_rpf_expo_par0: -1.721137564193447 +/- 0.10595251427306059
Background_rpf_expo_par1: -0.9252586557030402 +/- 0.004579538786791992
