Background_rpf_expo_par0: -1.7180671012830944 +/- 0.10342585528798641
Background_rpf_expo_par1: -0.9251281445501548 +/- 0.004530178758994646
