Background_rpf_expo_par0: -1.7211891215731303 +/- 0.10595383441392808
Background_rpf_expo_par1: -0.9252571931089628 +/- 0.004579638934431989
