Background_rpf_expo_par0: -1.721107435630431 +/- 0.09685360433883125
Background_rpf_expo_par1: -0.9252614641906567 +/- 0.004170067007648524
