Background_rpf_expo_par0: -1.7211217564737904 +/- 0.1059526636915822
Background_rpf_expo_par1: -0.92526190933247 +/- 0.004579543489537944
