Background_rpf_expo_par0: 0.6899556600280365 +/- 0.11871120299765986
Background_rpf_expo_par1: -1.4913714802395885 +/- 0.005216763164769364
