Background_rpf_expo2_par0: -0.9300031443512393 +/- 0.029167424249656727
Background_rpf_expo2_par1: 1.9084761974500368 +/- 1.6254266027085904
Background_rpf_expo2_par2: -1.1242046935598364 +/- 17.192054925812425
