Background_rpf_expo2_par0: -0.9299054271494444 +/- 0.009418517705307433
Background_rpf_expo2_par1: 1.903376095595724 +/- 0.4109811575344019
Background_rpf_expo2_par2: -1.0785757471332291 +/- 3.0129667702970377
