Background_rpf_expo_par0: -1.7211820278912453 +/- 0.10595423118055367
Background_rpf_expo_par1: -0.9252626104619616 +/- 0.004579651147836393
