Background_rpf_expo_par0: -1.7208729068213267 +/- 0.10595307201587134
Background_rpf_expo_par1: -0.9252573440820768 +/- 0.00457955091376851
