Background_rpf_expo_par0: -1.7209657343221094 +/- 0.1059540923067406
Background_rpf_expo_par1: -0.9252525073028297 +/- 0.004579642349036112
