Background_fail_par0: 99.99999999999997 +/- 91.45110196496007
Background_fail_par1: -20.581448600869088 +/- 2.8789989097306132
