Background_rpf_expo_par0: -1.7624913376130829 +/- 0.11363944137723778
Background_rpf_expo_par1: -0.9270516450268881 +/- 0.004912529536289495
