Background_rpf_expo_par0: -1.7624905622718556 +/- 0.11364128125276919
Background_rpf_expo_par1: -0.9270515884394613 +/- 0.004912653710635606
