Background_rpf_expo_par0: -1.7207169089863112 +/- 0.10595435929506318
Background_rpf_expo_par1: -0.9252399054647865 +/- 0.004579643040071786
