Background_rpf_expo_par0: -1.7211208590392133 +/- 0.10595253214323516
Background_rpf_expo_par1: -0.9252598689910643 +/- 0.004579539327184594
