Background_rpf_expo_par0: -1.721002602304336 +/- 0.10595433699338093
Background_rpf_expo_par1: -0.9252562877469865 +/- 0.004579651156758456
