Background_rpf_expo_par0: -1.7212089595493345 +/- 0.10595262791724472
Background_rpf_expo_par1: -0.9252655546362767 +/- 0.004579544009673348
