Background_rpf_expo_par0: -1.721054729051752 +/- 0.10595416975567604
Background_rpf_expo_par1: -0.925253607751632 +/- 0.0045796459681088615
