Background_rpf_expo_par0: -1.721089277116577 +/- 0.10595409986279648
Background_rpf_expo_par1: -0.9252568429616084 +/- 0.004579645292955381
