Background_rpf_expo_par0: -1.7211789989702615 +/- 0.10256986894562978
Background_rpf_expo_par1: -0.9252604321454727 +/- 0.004329960041369907
