Background_rpf_expo_par0: -1.7211462275847407 +/- 0.1053584564704278
Background_rpf_expo_par1: -0.92526483188134 +/- 0.004447475827684461
