Background_rpf_expo_par0: -1.7210756822065405 +/- 0.1236480002040047
Background_rpf_expo_par1: -0.9252532162742021 +/- 0.004915578227421564
