Background_rpf_expo_par0: -1.7211332175814413 +/- 0.10595554131475943
Background_rpf_expo_par1: -0.9252569554157626 +/- 0.004579749211744273
