Background_rpf_expo_par0: 1.974746077718615 +/- 0.1213904301927426
Background_rpf_expo_par1: -1.7768957831278156 +/- 0.005577565869982469
