Background_rpf_expo_par0: 2.0124734490761127 +/- 0.13275725630836097
Background_rpf_expo_par1: -1.7757147594032425 +/- 0.005823206529419163
