Background_rpf_expo_par0: -1.7210606960741601 +/- 0.10602009959051724
Background_rpf_expo_par1: -0.9252536762271102 +/- 0.004581119341133261
