Background_rpf_expo_par0: -1.7211134383308055 +/- 0.10132965420469715
Background_rpf_expo_par1: -0.9252579881657264 +/- 0.00440205608836345
