Background_rpf_expo_par0: -1.7213162010722822 +/- 0.10596003313133129
Background_rpf_expo_par1: -0.9252568239934547 +/- 0.004579873641997904
