Background_rpf_expo_par0: -1.7212365607583486 +/- 0.10595533108075066
Background_rpf_expo_par1: -0.9252638987376877 +/- 0.004579746508053998
