Background_rpf_expo_par0: -1.7210620581697276 +/- 0.10595281574895142
Background_rpf_expo_par1: -0.9252617557602183 +/- 0.0045795464938906206
