Background_rpf_expo_par0: -1.721171158003665 +/- 0.10568546771208505
Background_rpf_expo_par1: -0.92525369330622 +/- 0.004577082011655626
