Background_rpf_expo_par0: -1.720837187081802 +/- 0.10685472126938392
Background_rpf_expo_par1: -0.9252596950428205 +/- 0.0045960533420023875
