Background_rpf_expo_par0: -1.7212612347127045 +/- 0.10595401268317768
Background_rpf_expo_par1: -0.9252646113058464 +/- 0.0045796465827666125
