Background_rpf_expo_par0: -1.7211672686592443 +/- 0.105952551533795
Background_rpf_expo_par1: -0.9252624675963541 +/- 0.004579541065340069
