Background_rpf_expo_par0: -1.721292855062749 +/- 0.1059540231648884
Background_rpf_expo_par1: -0.9252650419692598 +/- 0.004579646153338385
