Background_rpf_expo_par0: -1.720751524238736 +/- 0.1478500623079293
Background_rpf_expo_par1: -0.9252533592870361 +/- 0.005384823411979615
