Background_rpf_expo_par0: -1.7210309676409754 +/- 0.10598369588867887
Background_rpf_expo_par1: -0.9252637455872421 +/- 0.004580224675753147
