Background_rpf_expo_par0: -1.7211747336768237 +/- 0.010062934425385625
Background_rpf_expo_par1: -0.9252571283834624 +/- 0.0004581402840858101
