Background_rpf_expo_par0: 2.1751180445992606 +/- 0.3558391673206152
Background_rpf_expo_par1: -2.3466261445009704 +/- 0.011274174693645368
