Background_rpf_expo_par0: 2.1743801139378376 +/- 0.16002052503266695
Background_rpf_expo_par1: -2.3466504436523263 +/- 0.006883989217133176
