Background_rpf_expo_par0: -1.7214516474644772 +/- 0.09898703649507153
Background_rpf_expo_par1: -0.9252792803458524 +/- 0.0044721759266980465
