Background_rpf_expo_par0: -1.721157384642929 +/- 0.10594791702934978
Background_rpf_expo_par1: -0.9252668257766482 +/- 0.004579415350916451
