Background_rpf_expo_par0: -1.7211940363333185 +/- 0.010258306840904438
Background_rpf_expo_par1: -0.9252618910832262 +/- 0.00044092305476519864
