Background_rpf_expo_par0: -1.7203956026509915 +/- 0.1511449036278302
Background_rpf_expo_par1: -0.9252260589219505 +/- 0.0054252563561489235
