Background_rpf_expo_par0: -1.721235888887066 +/- 0.10595263747342364
Background_rpf_expo_par1: -0.9252679173843339 +/- 0.004579545960042784
