Background_rpf_expo_par0: -1.7214177308215117 +/- 0.10595530691912819
Background_rpf_expo_par1: -0.9252668918542227 +/- 0.00457974826987004
