Background_rpf_expo2_par0: -1.692821506124658 +/- 0.015391957989198101
Background_rpf_expo2_par1: -1.5243173825842153 +/- 0.823100572492373
Background_rpf_expo2_par2: 3.559123958615891 +/- 8.487219309692671
