Background_rpf_expo_par0: -1.721146136454588 +/- 0.10595076764408688
Background_rpf_expo_par1: -0.9252627148838801 +/- 0.004579614154507864
