Background_rpf_expo_par0: -0.9999999999674822 +/- 0.11468709375938524
Background_rpf_expo_par1: -0.9008866447520397 +/- 0.004925325411632325
