Background_rpf_expo_par0: 1.1400011638085548 +/- 0.12689243823562893
Background_rpf_expo_par1: -1.7000692564568802 +/- 0.0048591299574060835
