Background_rpf_expo_par0: -1.7213467146103034 +/- 0.10054901520855648
Background_rpf_expo_par1: -0.9252668860895994 +/- 0.004553611609931681
