Background_rpf_expo_par0: -1.7210516523975976 +/- 0.10596366212900336
Background_rpf_expo_par1: -0.9252523246897534 +/- 0.0045798240551915646
