Background_rpf_expo_par0: -1.7211016283641214 +/- 0.10597400845118665
Background_rpf_expo_par1: -0.9252588082504225 +/- 0.004580173996670957
