Background_rpf_expo_par0: -1.721043930892255 +/- 0.10594944689558289
Background_rpf_expo_par1: -0.9252587004084893 +/- 0.00457951687340256
