Background_rpf_expo_par0: -1.7208058909032455 +/- 0.1059577563004982
Background_rpf_expo_par1: -0.9252473851696457 +/- 0.004579734158845144
