Background_rpf_expo_par0: 1.974782695294411 +/- 0.12201162766518996
Background_rpf_expo_par1: -1.7768980327083224 +/- 0.005592295701422129
