Background_rpf_expo_par0: 1.0550583430379175 +/- 0.09694851289943071
Background_rpf_expo_par1: -1.7024156451500527 +/- 0.004283000692774683
