Background_rpf_expo_par0: -1.7624123491864991 +/- 0.11364123573784156
Background_rpf_expo_par1: -0.927040791996919 +/- 0.004912647133393101
