Background_rpf_expo_par0: -1.7207197746764928 +/- 0.10633398268746985
Background_rpf_expo_par1: -0.925256755944524 +/- 0.004586434278840086
