Background_rpf_expo_par0: -1.7622843897230005 +/- 0.11358649430663514
Background_rpf_expo_par1: -0.9270382185985488 +/- 0.004910502483254198
