Background_rpf_expo_par0: 0.6900021060117322 +/- 0.11870600633210399
Background_rpf_expo_par1: -1.4913702057518377 +/- 0.005216617522311488
