Background_rpf_expo_par0: 1.054148697174723 +/- 0.09694686847136556
Background_rpf_expo_par1: -1.7024523556094953 +/- 0.004282995197841651
