Background_rpf_expo_par0: -0.9999999918772062 +/- 0.17040691316772436
Background_rpf_expo_par1: -0.9021918312079986 +/- 0.006042750850831044
