Background_rpf_expo_par0: -1.7211383845032977 +/- 0.10595257178203567
Background_rpf_expo_par1: -0.9252622666015151 +/- 0.004579541584294505
