Background_rpf_expo_par0: -1.7211891056143966 +/- 0.10595412207347066
Background_rpf_expo_par1: -0.9252620479527978 +/- 0.004579647233196025
