Background_rpf_expo_par0: -1.7198318971919886 +/- 0.2809080149997655
Background_rpf_expo_par1: -0.9251993756119192 +/- 0.0074877986539865285
