Background_rpf_expo_par0: -1.721089172473851 +/- 0.10595410207220372
Background_rpf_expo_par1: -0.925257211916626 +/- 0.004579645162335648
