Background_rpf_expo_par0: -1.7208057628537519 +/- 0.10594839699282105
Background_rpf_expo_par1: -0.9252580192806623 +/- 0.004579421888584372
