Background_rpf_expo_par0: -1.7212517356612294 +/- 0.10595285207406757
Background_rpf_expo_par1: -0.9252610459659087 +/- 0.004579427724684217
