Background_rpf_expo_par0: -1.720943848275417 +/- 0.10595129515776446
Background_rpf_expo_par1: -0.9252552622029161 +/- 0.004579543214970276
