Background_rpf_expo_par0: -1.7213148605167516 +/- 0.01027397916348204
Background_rpf_expo_par1: -0.9252658207959648 +/- 0.00046752981763451375
