Background_rpf_expo_par0: -1.7211644973754687 +/- 0.10595407428602727
Background_rpf_expo_par1: -0.9252619092026136 +/- 0.004579646849360847
