Background_rpf_expo_par0: -1.7215204500840575 +/- 0.10595983694374532
Background_rpf_expo_par1: -0.9252664830135734 +/- 0.004579874567570117
