Background_rpf_expo_par0: 1.9148668844661372 +/- 0.15824714467618156
Background_rpf_expo_par1: -1.4307588887097094 +/- 0.00690408731126792
