Background_rpf_expo_par0: -1.720451936482063 +/- 0.10596122294135883
Background_rpf_expo_par1: -0.9252301825575071 +/- 0.004580915505446424
