Background_rpf_expo_par0: 1.25773517496716 +/- 0.14439200035373295
Background_rpf_expo_par1: -1.6936578917728626 +/- 0.006338220793201833
