Background_rpf_expo_par0: 1.2576448739968513 +/- 0.1443912077945473
Background_rpf_expo_par1: -1.6936597279619228 +/- 0.006338203911991438
