Background_rpf_expo_par0: -1.7212915869606409 +/- 0.10595541384501425
Background_rpf_expo_par1: -0.9252617541696164 +/- 0.004579748451470178
