Background_rpf_expo_par0: 1.6109744568598312 +/- 0.11908448821047625
Background_rpf_expo_par1: -1.4064139290138227 +/- 0.005427386646565215
