Background_rpf_expo_par0: 1.6117455417759643 +/- 0.11994876972436681
Background_rpf_expo_par1: -1.4063853876716654 +/- 0.005447396365159854
