Background_rpf_expo_par0: -1.7210415972907394 +/- 0.26824895810578636
Background_rpf_expo_par1: -0.9252531990113787 +/- 0.007279946132211159
