Background_rpf_expo_par0: 1.053529741569371 +/- 0.09694904602528645
Background_rpf_expo_par1: -1.702480862011706 +/- 0.004283049922200679
