Background_rpf_expo_par0: -0.9999999910755879 +/- 0.11468758034472246
Background_rpf_expo_par1: -0.9008889880470279 +/- 0.0049253373705462605
