Background_rpf_expo_par0: -1.7208595987771194 +/- 0.1059482267096603
Background_rpf_expo_par1: -0.9252567434484096 +/- 0.004579417359845857
