Background_rpf_expo_par0: 1.0541114633272197 +/- 0.09694683373251277
Background_rpf_expo_par1: -1.7024516354378807 +/- 0.004282990910920198
