Background_rpf_expo_par0: -1.7211242833584606 +/- 0.10595887770520447
Background_rpf_expo_par1: -0.9252568382742676 +/- 0.0045797777218528546
