Background_rpf_expo_par0: -1.7211024263087487 +/- 0.1059541352401957
Background_rpf_expo_par1: -0.9252574352991842 +/- 0.004579645844760819
