Background_rpf_expo_par0: -1.7606574857452812 +/- 0.11369106126983593
Background_rpf_expo_par1: -0.9269934120260477 +/- 0.004913567934715117
