Background_rpf_expo_par0: -1.7211363904351122 +/- 0.10595407290717142
Background_rpf_expo_par1: -0.9252594773327221 +/- 0.004579645781192444
