Background_rpf_expo_par0: -1.721168466293957 +/- 0.1059543033357455
Background_rpf_expo_par1: -0.925268561629578 +/- 0.004579655857803393
