Background_rpf_expo_par0: -1.721145729219501 +/- 0.10595411528840917
Background_rpf_expo_par1: -0.9252595169242049 +/- 0.0045796470898273045
