Background_rpf_expo_par0: 1.9744178963460017 +/- 0.12223809172678217
Background_rpf_expo_par1: -1.7769257590838026 +/- 0.00559761380267419
