Background_rpf_expo_par0: -1.7210286139592288 +/- 0.10595435829956226
Background_rpf_expo_par1: -0.9252592698788347 +/- 0.004579652729982485
