Background_rpf_expo_par0: 1.1414716062180874 +/- 0.12685705866888367
Background_rpf_expo_par1: -1.699999801721152 +/- 0.004858340260894212
