Background_rpf_expo_par0: -1.7622160017276673 +/- 0.1203030046205144
Background_rpf_expo_par1: -0.927034283770834 +/- 0.005034097625823448
