Background_rpf_expo_par0: -0.9220426197297167 +/- 0.1251617437410174
Background_rpf_expo_par1: -0.8101700234189978 +/- 0.005521058692698755
