Background_rpf_expo_par0: -0.9221214758213705 +/- 0.12548762083577486
Background_rpf_expo_par1: -0.8101701165090421 +/- 0.005541797560481898
