Background_rpf_1x0_par0: 0.8228734768039114 +/- 0.0033116168502605858
Background_rpf_1x0_par1: -1.2418305228002968 +/- 0.0648040487500455
