Background_rpf_1x0_par0: 0.822871316563686 +/- 0.003331807310831389
Background_rpf_1x0_par1: -1.2418777385889623 +/- 0.06589790139600553
