Background_rpf_expo_par0: 1.0565121587271906 +/- 0.09702218013428658
Background_rpf_expo_par1: -1.7025283697110674 +/- 0.004286124238537615
