Background_rpf_expo_par0: 1.1377304186468775 +/- 0.11379270652812445
Background_rpf_expo_par1: -1.7001146478219111 +/- 0.004603934729311643
