Background_rpf_expo_par0: -1.7212650140640744 +/- 0.10594660420151629
Background_rpf_expo_par1: -0.9252659139088455 +/- 0.004579428739960434
