Background_rpf_expo_par0: -1.721131301123112 +/- 0.10595550812859773
Background_rpf_expo_par1: -0.9252526994044512 +/- 0.004579746953145621
