Background_rpf_expo_par0: -1.7211709940283426 +/- 0.1039924365285342
Background_rpf_expo_par1: -0.9252632685816636 +/- 0.004569963040159196
