Background_rpf_expo_par0: -1.7211485470025933 +/- 0.10595563467177171
Background_rpf_expo_par1: -0.9252577885215674 +/- 0.004579752200119176
