Background_rpf_expo_par0: -1.7211209244581462 +/- 0.10595644209700945
Background_rpf_expo_par1: -0.925255944767092 +/- 0.0045797677514441085
