Background_rpf_expo_par0: 1.2544048056179566 +/- 0.14430574254243947
Background_rpf_expo_par1: -1.693719627506836 +/- 0.0063348396059766995
