Background_rpf_expo_par0: 1.2540014990864898 +/- 0.14429781769954908
Background_rpf_expo_par1: -1.6937269963887602 +/- 0.006334691229031534
