Background_rpf_expo2_par0: -1.6927070823196755 +/- 0.008128791383535392
Background_rpf_expo2_par1: -1.5295691476922628 +/- 0.35084198474250977
Background_rpf_expo2_par2: 3.5916523018217656 +/- 2.5466414614569755
