Background_rpf_expo_par0: -1.7200733990419024 +/- 0.2355895621819805
Background_rpf_expo_par1: -0.9252163027669842 +/- 0.006808377261447771
