Background_rpf_expo_par0: -1.721093324848433 +/- 0.10389491556788684
Background_rpf_expo_par1: -0.9252590191856144 +/- 0.004569566549931273
