Background_rpf_expo_par0: 1.254707206533683 +/- 0.1443087049422947
Background_rpf_expo_par1: -1.6937033118262659 +/- 0.006334878909359749
