Background_rpf_expo_par0: -1.7210154955502908 +/- 0.10595415520664593
Background_rpf_expo_par1: -0.925255309323179 +/- 0.00457964548851572
