Background_rpf_expo_par0: 1.0869017766678537 +/- 0.10435846845331398
Background_rpf_expo_par1: -1.7015068341218298 +/- 0.004417073804746601
