Background_rpf_expo_par0: -1.7207134104941 +/- 0.10595350321305029
Background_rpf_expo_par1: -0.925252673721898 +/- 0.004579558774325183
