Background_rpf_expo_par0: -1.7211237604390617 +/- 0.10288616018217889
Background_rpf_expo_par1: -0.9252601068506109 +/- 0.0045289209328325765
