Background_rpf_expo_par0: -1.7210076542754578 +/- 0.1059556085564947
Background_rpf_expo_par1: -0.9252504159400204 +/- 0.004579748519864778
