Background_rpf_expo_par0: -1.7214088052330705 +/- 0.10595384287125904
Background_rpf_expo_par1: -0.9252696114244442 +/- 0.004579644960001475
