Background_rpf_expo_par0: -1.7207099181722059 +/- 0.10588592196322001
Background_rpf_expo_par1: -0.9252407493869732 +/- 0.004578574135155752
