Background_rpf_expo_par0: -1.7210626848060007 +/- 0.10595289526184039
Background_rpf_expo_par1: -0.9252633549248946 +/- 0.004579550660856044
