Background_rpf_expo_par0: -1.7211923398898985 +/- 0.10595403610996643
Background_rpf_expo_par1: -0.9252616353330866 +/- 0.004579646075235807
