Background_rpf_expo_par0: -1.721154125910663 +/- 0.10372569153250119
Background_rpf_expo_par1: -0.9252645836393516 +/- 0.00454059631016586
