Background_rpf_expo_par0: 1.054184738017281 +/- 0.09694673771509932
Background_rpf_expo_par1: -1.7024481110325107 +/- 0.004282985373889128
