Background_rpf_expo_par0: -1.7213583991314494 +/- 0.10594825260075624
Background_rpf_expo_par1: -0.9252709396409133 +/- 0.0045795201678592
