Background_rpf_expo_par0: -1.7213411308055735 +/- 0.10595390531405545
Background_rpf_expo_par1: -0.9252672711697634 +/- 0.004579645358222158
