Background_rpf_expo_par0: -1.7210067718399875 +/- 0.3203899798888709
Background_rpf_expo_par1: -0.9252526119338829 +/- 0.008156683381073716
