Background_rpf_expo_par0: -1.7623353339635557 +/- 0.11364302037494536
Background_rpf_expo_par1: -0.9270350174985633 +/- 0.004912766272126759
