Background_fail_par0: 99.99818032414576 +/- 91.4831973403493
Background_fail_par1: -20.583233925695733 +/- 3.1155061288289763
