Background_rpf_expo_par0: 1.319113596544576 +/- 0.14643749982447968
Background_rpf_expo_par1: -1.6918792824439939 +/- 0.006373337787445412
