Background_rpf_expo_par0: -1.720942054837136 +/- 0.10595581774896512
Background_rpf_expo_par1: -0.9252483810061559 +/- 0.004579749338476084
