Background_rpf_expo_par0: -1.7211516867195824 +/- 0.10595417112367202
Background_rpf_expo_par1: -0.9252611914981739 +/- 0.004579648697522819
