Background_rpf_expo_par0: -1.7211720839601183 +/- 0.10253508724422948
Background_rpf_expo_par1: -0.9252601276377425 +/- 0.004577434739491999
