Background_rpf_expo_par0: -1.721324038535907 +/- 0.1060325661665244
Background_rpf_expo_par1: -0.9252598477684597 +/- 0.004581250509535935
