Background_rpf_expo_par0: -1.7211928254453008 +/- 0.10595258081210368
Background_rpf_expo_par1: -0.9252670173820112 +/- 0.004579544136444904
