Background_rpf_expo_par0: -1.7208762216698812 +/- 0.10595560698160887
Background_rpf_expo_par1: -0.9252432319581582 +/- 0.004579744063867788
