Background_rpf_expo_par0: -1.7211871729073156 +/- 0.10595546865411519
Background_rpf_expo_par1: -0.9252571728806087 +/- 0.004579747584109146
