Background_rpf_expo_par0: -1.721085555490146 +/- 0.10595402961113116
Background_rpf_expo_par1: -0.9252542680146842 +/- 0.004579642347257652
