Background_rpf_expo_par0: -1.7623104834037104 +/- 0.11364130579868668
Background_rpf_expo_par1: -0.9270385279658735 +/- 0.004912646829927495
