Background_rpf_expo_par0: -1.721409493819242 +/- 0.010243036290182054
Background_rpf_expo_par1: -0.9252711299602365 +/- 0.000468027507513089
