Background_rpf_expo_par0: -1.7618592324964557 +/- 0.1136123781671784
Background_rpf_expo_par1: -0.9270246951892832 +/- 0.004916035158353593
