Background_rpf_expo2_par0: -0.929989568422795 +/- 0.009427463435031284
Background_rpf_expo2_par1: 1.9075033296128785 +/- 0.4114819456326199
Background_rpf_expo2_par2: -1.1096295835746612 +/- 3.017098423897461
