Background_rpf_expo_par0: 1.817573751844833 +/- 0.14682868191491466
Background_rpf_expo_par1: -1.4337160179624944 +/- 0.006669147314141808
