Background_rpf_expo_par0: 1.7575594159614751 +/- 0.14083354107143192
Background_rpf_expo_par1: -1.4356560178836153 +/- 0.006535527999584113
