Background_rpf_expo_par0: 1.0543591344551635 +/- 0.09694740818654399
Background_rpf_expo_par1: -1.7024441138553406 +/- 0.0042829992330133855
