Background_rpf_expo_par0: -1.718803695388613 +/- 0.1530734543621103
Background_rpf_expo_par1: -0.9251652174413106 +/- 0.005456413276918201
