Background_rpf_expo_par0: 0.07732671793081666 +/- 0.26708952697387495
Background_rpf_expo_par1: 0.09022493856921401 +/- 0.012466313068054905
