Background_fail_par0: 99.99999999982856 +/- 95.9969000123869
Background_fail_par1: -16.47439210879661 +/- 0.0
