Background_rpf_expo_par0: -1.7622462707501794 +/- 0.1136415297986627
Background_rpf_expo_par1: -0.9270344868081769 +/- 0.004912651006082274
