Background_rpf_expo_par0: 1.0576302648237677 +/- 0.09703853803771863
Background_rpf_expo_par1: -1.7024948110391147 +/- 0.004286418225051118
