Background_rpf_expo_par0: -1.7209596891902283 +/- 0.10591435406765905
Background_rpf_expo_par1: -0.9252520810093985 +/- 0.004577875871182322
