Background_rpf_expo_par0: 2.192687061748658 +/- 0.19301753694044313
Background_rpf_expo_par1: -2.881780598797241 +/- 0.008279702500462524
