Background_rpf_expo_par0: 2.1940352755844095 +/- 0.1930379053266292
Background_rpf_expo_par1: -2.8817220255439127 +/- 0.008280187498100177
