Background_rpf_expo_par0: -1.7214624011950321 +/- 0.14891659236060428
Background_rpf_expo_par1: -0.9252711334041208 +/- 0.005394139848043881
