Background_rpf_expo_par0: -1.7211902035454498 +/- 0.10595271742544023
Background_rpf_expo_par1: -0.92526912570267 +/- 0.004579547777984728
