Background_rpf_expo_par0: -1.7207547311957399 +/- 0.10615155866877407
Background_rpf_expo_par1: -0.9252491850528025 +/- 0.004584721526164834
