Background_rpf_expo_par0: 1.0543992850255663 +/- 0.09694805905981733
Background_rpf_expo_par1: -1.7024430923514249 +/- 0.0042830081961676165
