Background_rpf_expo_par0: -1.7211208824780724 +/- 0.10595413229844691
Background_rpf_expo_par1: -0.9252598323935043 +/- 0.004579647432941693
