Background_rpf_expo_par0: -1.7206495004543216 +/- 0.10595464895917206
Background_rpf_expo_par1: -0.9252433316208822 +/- 0.004579652587565337
