Background_rpf_1x0_par0: 0.8307041513747153 +/- 0.0036675176745232982
Background_rpf_1x0_par1: -1.2942604684287455 +/- 0.07015370014920398
