Background_rpf_1x0_par0: 0.8306972438773127 +/- 0.0036908191684076573
Background_rpf_1x0_par1: -1.2943811913065668 +/- 0.07109532594027014
