Background_fail_par0: 18.621426996008182 +/- 66.76889876215702
Background_fail_par1: -12.337101385605697 +/- 6.860301386431508
