Background_fail_par0: 18.735766990696913 +/- 55.83428736824482
Background_fail_par1: -12.35177437824427 +/- 5.696986747091451
