Background_rpf_expo_par0: -1.7211601821413123 +/- 0.10563519194701554
Background_rpf_expo_par1: -0.9252611563438597 +/- 0.00457336322844775
