Background_rpf_expo_par0: 2.402908624259672 +/- 0.18731036785026864
Background_rpf_expo_par1: -2.6027298879342697 +/- 0.00800599932905122
