Background_rpf_expo_par0: 2.4025830190277357 +/- 0.1875761398671225
Background_rpf_expo_par1: -2.602741489373328 +/- 0.00801097393982765
