Background_rpf_expo_par0: -1.721590121154668 +/- 0.10595978851823376
Background_rpf_expo_par1: -0.9252700417747164 +/- 0.004579874142444677
