Background_rpf_expo_par0: -1.7211439835232736 +/- 0.10622282203508386
Background_rpf_expo_par1: -0.9252551051774088 +/- 0.004584598905172898
