Background_rpf_expo_par0: -1.7211232819478723 +/- 0.10594745874796736
Background_rpf_expo_par1: -0.9252582802125702 +/- 0.004579236237773555
