Background_rpf_expo_par0: -1.7212480322646635 +/- 0.1059587534685034
Background_rpf_expo_par1: -0.925264509415445 +/- 0.0045791240584887516
