Background_rpf_expo_par0: -1.7214485919063576 +/- 0.09858591328066199
Background_rpf_expo_par1: -0.9252736043990413 +/- 0.004190396145570024
