Background_fail_par0: 20.262914589554548 +/- 53.01968478387833
Background_fail_par1: -11.349711219972322 +/- 5.684346005040864
