Background_rpf_1x0_par0: 0.8307078911058549 +/- 0.0036932913176028477
Background_rpf_1x0_par1: -1.2945465527996447 +/- 0.07119454766036103
