Background_fail_par0: 20.471894493209373 +/- 45.7007947832661
Background_fail_par1: -11.371480687756621 +/- 4.773984406716733
