Background_rpf_1x0_par0: 0.8307022352944998 +/- 0.0036677225144909928
Background_rpf_1x0_par1: -1.2944650808467064 +/- 0.07015734376522637
