Background_rpf_expo_par0: -1.7209473370522697 +/- 0.10595324098734382
Background_rpf_expo_par1: -0.9252543322818303 +/- 0.004579551743475828
