Background_rpf_expo_par0: -1.7211794117422616 +/- 0.10595553236475116
Background_rpf_expo_par1: -0.9252568089599509 +/- 0.004579748721079198
