Background_rpf_expo_par0: -1.7214819134739179 +/- 0.10363801440993477
Background_rpf_expo_par1: -0.9252734997691692 +/- 0.004514015133850043
