Background_rpf_expo_par0: 1.2538991625720137 +/- 0.14429815989325698
Background_rpf_expo_par1: -1.693733857432263 +/- 0.006334706085102374
