Background_rpf_expo_par0: -1.7213835805326998 +/- 0.10595411201845152
Background_rpf_expo_par1: -0.9252733168397497 +/- 0.004579654073880141
