Background_rpf_expo_par0: -1.7211106797374576 +/- 0.09822901461939902
Background_rpf_expo_par1: -0.9252564477220091 +/- 0.004460851064009726
