Background_rpf_expo_par0: -1.7624281294151534 +/- 0.11332077713873334
Background_rpf_expo_par1: -0.927038824741452 +/- 0.004888833316042229
