Background_rpf_expo_par0: -1.721028003069309 +/- 0.10595468749924315
Background_rpf_expo_par1: -0.9252501891215599 +/- 0.004579739543299238
