Background_rpf_expo_par0: -1.7209912159669145 +/- 0.10595565857898236
Background_rpf_expo_par1: -0.9252503112358319 +/- 0.004579749185686513
