Background_rpf_expo_par0: -0.9999999998838551 +/- 0.11468761102849288
Background_rpf_expo_par1: -0.9008876645154842 +/- 0.004925339200622301
