Background_rpf_expo_par0: -1.7212617650685478 +/- 0.10596114356048292
Background_rpf_expo_par1: -0.9252655556936366 +/- 0.004579777128528395
