Background_rpf_expo_par0: -1.7210675239755617 +/- 0.10595269076583856
Background_rpf_expo_par1: -0.9252616840398791 +/- 0.004579543866609926
