Background_rpf_expo_par0: 1.056167599248657 +/- 0.09702626992054322
Background_rpf_expo_par1: -1.7025345021826341 +/- 0.004286250020169439
