Background_rpf_expo_par0: 1.0566556473778963 +/- 0.09702224343538217
Background_rpf_expo_par1: -1.702520203494297 +/- 0.004286119918932513
