Background_rpf_expo_par0: -1.7208449716934362 +/- 0.10595415917914176
Background_rpf_expo_par1: -0.9252416704577322 +/- 0.004579639610440042
