Background_rpf_expo_par0: -1.7209831337060066 +/- 0.10595142176420953
Background_rpf_expo_par1: -0.9252504267370679 +/- 0.004579610957941229
