Background_rpf_expo_par0: 1.0540305297269175 +/- 0.09694736255658848
Background_rpf_expo_par1: -1.7024544974340934 +/- 0.004283001691676111
