Background_rpf_expo_par0: -1.7205909452007353 +/- 0.23842524715578903
Background_rpf_expo_par1: -0.9252454010177478 +/- 0.006856206420309455
