Background_rpf_expo_par0: 1.1296759229771558 +/- 0.16704484606659437
Background_rpf_expo_par1: -1.7004327850016212 +/- 0.005763252578475649
