Background_rpf_expo_par0: -1.7211659651865263 +/- 0.10464116052896288
Background_rpf_expo_par1: -0.9252595214737716 +/- 0.004551386376335506
