Background_rpf_expo_par0: -1.7211865502902337 +/- 0.10595410084595126
Background_rpf_expo_par1: -0.9252636735541513 +/- 0.004579648408621881
