Background_rpf_expo_par0: 1.0543595533619246 +/- 0.0969470453350361
Background_rpf_expo_par1: -1.702436084226942 +/- 0.004282982961126901
