Background_rpf_expo_par0: -1.7214008102684293 +/- 0.10595282441798852
Background_rpf_expo_par1: -0.9252722467916534 +/- 0.004579548934425406
