Background_rpf_expo_par0: -1.7210798519003072 +/- 0.10595271112932851
Background_rpf_expo_par1: -0.9252622513514631 +/- 0.004579545045995116
