Background_rpf_expo_par0: -1.720726012690143 +/- 0.10827847169109447
Background_rpf_expo_par1: -0.9252405817243604 +/- 0.004622019709403461
