Background_rpf_expo_par0: -1.7213071068637225 +/- 0.10595394260538221
Background_rpf_expo_par1: -0.9252684074842535 +/- 0.004579646422085059
