Background_rpf_expo_par0: -1.7210298132050847 +/- 0.1059530275701813
Background_rpf_expo_par1: -0.9252532024745705 +/- 0.0045796413800206276
