Background_rpf_expo_par0: -1.721060470872401 +/- 0.10595425344355178
Background_rpf_expo_par1: -0.9252570767664114 +/- 0.0045796493662225695
