Background_rpf_expo_par0: -1.720999382154414 +/- 0.10595423141830941
Background_rpf_expo_par1: -0.9252551106984401 +/- 0.004579647669558435
