Background_rpf_expo_par0: -1.7215694501761005 +/- 0.10595510410433148
Background_rpf_expo_par1: -0.9252716309348608 +/- 0.00457974556300018
