Background_rpf_expo_par0: -1.7211311273092562 +/- 0.10595913940605305
Background_rpf_expo_par1: -0.9252608677917449 +/- 0.004579722833921416
