Background_rpf_expo_par0: -1.7211405904963804 +/- 0.10595418667802889
Background_rpf_expo_par1: -0.9252598845921458 +/- 0.0045796479287687685
