Background_rpf_expo2_par0: -1.6930242113657377 +/- 0.00813637416937176
Background_rpf_expo2_par1: -1.511407518762003 +/- 0.35153625683985695
Background_rpf_expo2_par2: 3.398605721620538 +/- 2.5581940782583636
