Background_rpf_expo_par0: -1.7212199513009443 +/- 0.10595591509677191
Background_rpf_expo_par1: -0.9252614846709433 +/- 0.004579758044126659
