Background_rpf_expo_par0: -1.7210540035877597 +/- 0.10593379928763808
Background_rpf_expo_par1: -0.9252564463900383 +/- 0.0045792908556657385
