Background_rpf_expo_par0: -1.7211737603034774 +/- 0.1059540155104092
Background_rpf_expo_par1: -0.9252605409353167 +/- 0.004579644780779409
