Background_rpf_expo_par0: -1.721046372511395 +/- 0.10595417565995201
Background_rpf_expo_par1: -0.9252559531334011 +/- 0.004579646680254562
