Background_rpf_expo_par0: -1.721212703508228 +/- 0.10595398433204832
Background_rpf_expo_par1: -0.9252612631334941 +/- 0.004579644525973014
