Background_rpf_expo_par0: -1.7212004944784853 +/- 0.10595394180336323
Background_rpf_expo_par1: -0.9252600836378649 +/- 0.004579642576597827
