Background_rpf_expo_par0: -0.9999999999520064 +/- 0.1147096797992563
Background_rpf_expo_par1: -0.9008879698592266 +/- 0.004925864845923694
