Background_rpf_expo_par0: -0.9999999999901243 +/- 0.11468777588402349
Background_rpf_expo_par1: -0.9008868420531383 +/- 0.00492534390079214
