Background_rpf_expo_par0: -1.721239816102677 +/- 0.10595276328368505
Background_rpf_expo_par1: -0.9252693065511911 +/- 0.004579549183283419
