Background_rpf_expo_par0: -1.7212714406053706 +/- 0.10595395575127432
Background_rpf_expo_par1: -0.9252664154862065 +/- 0.004579646082662198
