Background_rpf_expo_par0: -1.721051569290157 +/- 0.010375645910064037
Background_rpf_expo_par1: -0.925256788798118 +/- 0.0004485563766808334
