Background_rpf_1x0_par0: 0.9151848927068497 +/- 0.0038161653913230897
Background_rpf_1x0_par1: -1.998271838975972 +/- 0.06691215578518353
