Background_rpf_1x0_par0: 0.9144736335736223 +/- 0.0035976394548914875
Background_rpf_1x0_par1: -1.9788713406853164 +/- 0.05792517496952913
