Background_rpf_expo_par0: -1.7211513568143872 +/- 0.10595392249225674
Background_rpf_expo_par1: -0.9252560232783811 +/- 0.004579640688635684
