Background_rpf_expo_par0: -1.7212685683492874 +/- 0.1059554276645766
Background_rpf_expo_par1: -0.9252574797935106 +/- 0.004579746642166788
