Background_rpf_expo_par0: -1.7211315854294147 +/- 0.10595238767174726
Background_rpf_expo_par1: -0.9252594677597608 +/- 0.004579637899084571
