Background_rpf_expo_par0: 1.9749281248154205 +/- 0.12140878657793501
Background_rpf_expo_par1: -1.7768844821870255 +/- 0.00557804909013496
