Background_rpf_expo_par0: 1.9749322321397964 +/- 0.12140747095673733
Background_rpf_expo_par1: -1.7768891708873378 +/- 0.005578024972402297
