Background_rpf_expo_par0: -1.721222294865221 +/- 0.10595269184318307
Background_rpf_expo_par1: -0.9252668004564625 +/- 0.004579547216250849
