Background_rpf_expo_par0: -1.7215041248364484 +/- 0.14638795695418078
Background_rpf_expo_par1: -0.9252733972314586 +/- 0.005367304737505107
