Background_rpf_expo_par0: -1.721213120093173 +/- 0.1059546389296059
Background_rpf_expo_par1: -0.925263520329553 +/- 0.0045796584649058026
