Background_rpf_expo_par0: -1.7211523820817096 +/- 0.10595407017283717
Background_rpf_expo_par1: -0.9252606630943305 +/- 0.0045796467629111645
