Background_rpf_expo_par0: -1.720249886707446 +/- 0.10629242905482475
Background_rpf_expo_par1: -0.9252381804195813 +/- 0.004589475811482281
