Background_rpf_expo_par0: 2.075258474280294 +/- 0.14027923873705714
Background_rpf_expo_par1: -1.5798651070470773 +/- 0.00639374303375668
