Background_rpf_expo_par0: -1.7208856957690997 +/- 0.10600948425955461
Background_rpf_expo_par1: -0.9252552804658415 +/- 0.004580554682544682
