Background_rpf_expo_par0: -1.7623047497209636 +/- 0.11356603345380434
Background_rpf_expo_par1: -0.9270393775314774 +/- 0.004910475131058689
