Background_rpf_expo_par0: -1.7213345506227218 +/- 0.10416260814654194
Background_rpf_expo_par1: -0.9252628437008233 +/- 0.004544512889294159
