Background_rpf_expo2_par0: -1.69279694576216 +/- 0.008124282967813862
Background_rpf_expo2_par1: -1.525875940409673 +/- 0.3506171033430666
Background_rpf_expo2_par2: 3.569375928746208 +/- 2.545043528419635
