Background_rpf_expo_par0: -1.7212716931963368 +/- 0.10595533135028284
Background_rpf_expo_par1: -0.9252599415524564 +/- 0.004579745255070765
