Background_rpf_expo_par0: -1.7211623710224642 +/- 0.10349695521275869
Background_rpf_expo_par1: -0.9252618340113928 +/- 0.004085563171316818
