Background_rpf_expo_par0: -1.7207944330635816 +/- 0.10595293743200934
Background_rpf_expo_par1: -0.9252514307319167 +/- 0.0045795449520966
