Background_rpf_expo_par0: -1.7211954749411669 +/- 0.10595395081769168
Background_rpf_expo_par1: -0.9252644475313732 +/- 0.004579645035992929
