Background_rpf_expo_par0: -1.7209423238718338 +/- 0.1005722181506402
Background_rpf_expo_par1: -0.925252869520997 +/- 0.004553723983596816
