Background_rpf_expo_par0: -1.7211892735401737 +/- 0.1056797333542571
Background_rpf_expo_par1: -0.9252565634026515 +/- 0.004577201151377183
