Background_rpf_expo_par0: -1.7210451070093775 +/- 0.10595261719196869
Background_rpf_expo_par1: -0.9252584496640126 +/- 0.004579540646410466
