Background_rpf_expo_par0: -1.721218422207572 +/- 0.10595260717609788
Background_rpf_expo_par1: -0.925268712330312 +/- 0.004579545377611571
