Background_rpf_expo_par0: -1.7214360450875474 +/- 0.10592752862160677
Background_rpf_expo_par1: -0.9252691714687711 +/- 0.004579570058753931
