Background_rpf_expo_par0: 1.0541878099057984 +/- 0.09694675064818724
Background_rpf_expo_par1: -1.7024480311103625 +/- 0.004282985736254733
