Background_rpf_expo_par0: 1.1267977895264811 +/- 0.11057888739833995
Background_rpf_expo_par1: -1.700395911238528 +/- 0.004537908896350923
