Background_rpf_expo_par0: -1.721214187222975 +/- 0.10573627632311579
Background_rpf_expo_par1: -0.9252651354599537 +/- 0.004538736600620802
