Background_rpf_expo_par0: 1.0542068470093269 +/- 0.09694675873333125
Background_rpf_expo_par1: -1.7024468155390193 +/- 0.004282984991917376
