Background_rpf_expo_par0: 1.0541878283295008 +/- 0.0969467502527846
Background_rpf_expo_par1: -1.7024480306809062 +/- 0.00428298572358665
