Background_rpf_expo_par0: -1.720982648759505 +/- 0.10595563123033086
Background_rpf_expo_par1: -0.9252507384547615 +/- 0.004579748200350826
