Background_rpf_expo_par0: -1.721053656138002 +/- 0.10594802425727612
Background_rpf_expo_par1: -0.9252636899049662 +/- 0.004579416093204191
