Background_rpf_expo_par0: 2.185263119922866 +/- 0.09362480679657013
Background_rpf_expo_par1: -0.9525908520174912 +/- 0.004340193610315829
