Background_rpf_expo_par0: -1.7210842830923132 +/- 0.10595419346105998
Background_rpf_expo_par1: -0.9252550387568808 +/- 0.004579647495793192
