Background_rpf_expo_par0: 2.5126805276929143 +/- 0.12238411643049316
Background_rpf_expo_par1: -0.9429777413342026 +/- 0.004911097747612544
