Background_rpf_expo_par0: -1.7211251953727338 +/- 0.10595409999020998
Background_rpf_expo_par1: -0.9252599507606651 +/- 0.004579646674084248
