Background_rpf_expo_par0: -1.7212548166289718 +/- 0.10595397932574317
Background_rpf_expo_par1: -0.9252629739482714 +/- 0.004579645302883188
