Background_rpf_expo_par0: 2.394975616234681 +/- 0.1527550198065361
Background_rpf_expo_par1: -2.1411467807352875 +/- 0.006548991350690719
