Background_rpf_expo_par0: 2.556325697487323 +/- 0.19569215021755873
Background_rpf_expo_par1: -2.1367029605351187 +/- 0.007372453850110491
