Background_rpf_expo_par0: 2.257077934175156 +/- 0.15198711609975998
Background_rpf_expo_par1: -1.3346050929068798 +/- 0.007057721256953268
