Background_rpf_expo_par0: 2.257498937714651 +/- 0.15300898885284595
Background_rpf_expo_par1: -1.3345889076403046 +/- 0.007081972189792301
