Background_rpf_expo_par0: -1.7206857065080405 +/- 0.010271694460892903
Background_rpf_expo_par1: -0.9252344566392738 +/- 0.00045283653283943173
