Background_rpf_expo_par0: -1.7212757326578958 +/- 0.10591389156101638
Background_rpf_expo_par1: -0.9252658708281096 +/- 0.004577254432490836
