Background_rpf_expo_par0: -1.721188858189114 +/- 0.10595397219456586
Background_rpf_expo_par1: -0.9252608968730776 +/- 0.004579643790790029
