Background_rpf_expo_par0: -1.7213289015416815 +/- 0.10595429225512186
Background_rpf_expo_par1: -0.9252665417208816 +/- 0.0045796481137092586
