Background_rpf_expo_par0: -1.7206054463468001 +/- 0.15576084287642897
Background_rpf_expo_par1: -0.9252353487035138 +/- 0.005527395659651548
