Background_rpf_expo_par0: -1.7209576123170605 +/- 0.10595295247933449
Background_rpf_expo_par1: -0.9252575160541228 +/- 0.004579549708845911
