Background_rpf_expo_par0: -1.7626776981100485 +/- 0.11387090260460742
Background_rpf_expo_par1: -0.9270580696008496 +/- 0.004932041261984266
