Background_rpf_expo_par0: -1.7210174352160654 +/- 0.010202898494499285
Background_rpf_expo_par1: -0.9252505875551336 +/- 0.0004500138054337556
