Background_rpf_expo_par0: 1.9807227729441388 +/- 0.1215516481274868
Background_rpf_expo_par1: -1.7767143457253352 +/- 0.005580917392815094
