Background_rpf_expo_par0: 1.8623346836608554 +/- 0.3252413821427207
Background_rpf_expo_par1: -1.6794135450051821 +/- 0.009346981702745122
