Background_rpf_expo_par0: -1.7211245206237442 +/- 0.10595396672060012
Background_rpf_expo_par1: -0.9252568392019115 +/- 0.004579641790638518
