Background_rpf_expo_par0: 1.1410926103797732 +/- 0.12662530835601082
Background_rpf_expo_par1: -1.700153582902475 +/- 0.004854131145320744
