Background_rpf_expo_par0: -1.762435371888272 +/- 0.11364125018904797
Background_rpf_expo_par1: -0.9270412742764127 +/- 0.004912645593218425
