Background_rpf_expo_par0: 1.0536850828250428 +/- 0.0969462062845457
Background_rpf_expo_par1: -1.702470901114851 +/- 0.004282989761212368
