Background_rpf_expo_par0: -1.7211478088359073 +/- 0.10595425499867117
Background_rpf_expo_par1: -0.9252621320684367 +/- 0.004579651868791993
