Background_rpf_expo_par0: -1.7210594020420562 +/- 0.10595419300660673
Background_rpf_expo_par1: -0.925253229476396 +/- 0.00457964403041785
