Background_rpf_expo_par0: -1.7211661647929444 +/- 0.10595402495038209
Background_rpf_expo_par1: -0.925259105691185 +/- 0.004579644320967834
