Background_rpf_expo_par0: 1.0542450547723716 +/- 0.09738061187478142
Background_rpf_expo_par1: -1.7024466760388626 +/- 0.004299069150405566
