Background_rpf_expo_par0: 1.0542992694746907 +/- 0.09696123865845435
Background_rpf_expo_par1: -1.7024444455151448 +/- 0.0042679915103303045
