Background_rpf_expo_par0: -1.721045822208559 +/- 0.1059541473595218
Background_rpf_expo_par1: -0.9252564816199735 +/- 0.0045796462018507745
