Background_rpf_expo_par0: 2.2209687893547123 +/- 0.13646991961937796
Background_rpf_expo_par1: -1.6636291272915653 +/- 0.006129954196024416
