Background_rpf_expo_par0: 2.2210262819863535 +/- 0.1364690585463672
Background_rpf_expo_par1: -1.663627245437586 +/- 0.006129931467512826
