Background_rpf_expo_par0: -1.7209427147502523 +/- 0.2699014563449548
Background_rpf_expo_par1: -0.9252559817656997 +/- 0.0075229735509491835
