Background_rpf_expo_par0: 1.977111167412799 +/- 0.12144002069902735
Background_rpf_expo_par1: -1.7768037894951527 +/- 0.005578795480551692
