Background_rpf_expo_par0: -1.721137152449472 +/- 0.10595414508169092
Background_rpf_expo_par1: -0.9252587451824862 +/- 0.004579647488406506
