Background_rpf_expo_par0: -1.7208713821268564 +/- 0.010554944165749916
Background_rpf_expo_par1: -0.9252602936976018 +/- 0.00044917646366867325
