Background_rpf_expo_par0: 1.0569268943992438 +/- 0.09702259390693853
Background_rpf_expo_par1: -1.7025074272665202 +/- 0.004286117583913098
