Background_rpf_expo_par0: -1.7216777326305377 +/- 0.10595233309375546
Background_rpf_expo_par1: -0.9252898125657985 +/- 0.004579549435692752
