Background_rpf_expo_par0: -1.7211447166558596 +/- 0.10581944001263525
Background_rpf_expo_par1: -0.9252605859513997 +/- 0.004553995646525842
