Background_rpf_expo_par0: -1.7210893599245916 +/- 0.10595411025712963
Background_rpf_expo_par1: -0.9252569418458626 +/- 0.004579645445330931
