Background_rpf_1x0_par0: 0.9261867954516858 +/- 0.004183240807086348
Background_rpf_1x0_par1: -2.3191569699344234 +/- 0.08203711165737824
