Background_rpf_1x0_par0: 0.9261690326059507 +/- 0.004181039956879716
Background_rpf_1x0_par1: -2.3185135220899995 +/- 0.08201796451552847
