Background_rpf_expo_par0: -1.721137401317875 +/- 0.10575405023018249
Background_rpf_expo_par1: -0.9252612122732851 +/- 0.004577420236495173
