Background_rpf_expo_par0: -1.7210933005932771 +/- 0.10595277589352022
Background_rpf_expo_par1: -0.9252608117299912 +/- 0.00457954657804267
