Background_rpf_expo_par0: -1.720835649737458 +/- 0.10595497822708891
Background_rpf_expo_par1: -0.9252472975680516 +/- 0.004579658798513594
