Background_rpf_expo_par0: -1.720988939212858 +/- 0.10595565569331464
Background_rpf_expo_par1: -0.9252479235438827 +/- 0.004579747553715022
