Background_rpf_expo_par0: -1.720797362022048 +/- 0.148800234902955
Background_rpf_expo_par1: -0.9252353659632683 +/- 0.005388519627308015
