Background_rpf_expo_par0: -1.7202481711070108 +/- 0.16970953744272316
Background_rpf_expo_par1: -0.9252216657994362 +/- 0.005221351274179434
