Background_rpf_expo_par0: -1.7622645464588091 +/- 0.11364012650905946
Background_rpf_expo_par1: -0.9270401696216803 +/- 0.004912540927282986
