Background_rpf_expo_par0: -1.762260904589662 +/- 0.10757228504806196
Background_rpf_expo_par1: -0.9270406615698125 +/- 0.004794659760016375
