Background_rpf_expo_par0: -1.7210033110669305 +/- 0.10595304911474228
Background_rpf_expo_par1: -0.9252622655630842 +/- 0.004579554412690565
