Background_rpf_expo_par0: -1.721272964594283 +/- 0.10595333104804198
Background_rpf_expo_par1: -0.9252652851105423 +/- 0.004579553721458607
