Background_rpf_expo_par0: -1.72105993566401 +/- 0.10595226749235942
Background_rpf_expo_par1: -0.9252562974204188 +/- 0.004579569339416454
