Background_rpf_expo_par0: -1.7605359613836093 +/- 0.1137268842772278
Background_rpf_expo_par1: -0.9271320448269139 +/- 0.0049162568430420025
