Background_rpf_expo_par0: 1.0541867910001397 +/- 0.0969467462883692
Background_rpf_expo_par1: -1.7024480546481024 +/- 0.004282985623814498
