Background_rpf_expo_par0: -1.72120692779921 +/- 0.10593921257623556
Background_rpf_expo_par1: -0.9252618832979246 +/- 0.004578861801533309
