Background_rpf_expo_par0: -1.7212318430855196 +/- 0.10595556714099436
Background_rpf_expo_par1: -0.9252622379950679 +/- 0.004579752797120707
