Background_rpf_expo_par0: -1.7215718704772196 +/- 0.10595229937186965
Background_rpf_expo_par1: -0.925280332054726 +/- 0.004579543084317998
