Background_rpf_expo_par0: 1.9742943427691326 +/- 0.12337813551455504
Background_rpf_expo_par1: -1.7769001364429287 +/- 0.005623638284257443
