Background_rpf_expo_par0: -1.7210881767433301 +/- 0.10595452655692444
Background_rpf_expo_par1: -0.9252605162964687 +/- 0.004579655804789322
