Background_rpf_expo_par0: -1.7206323399870453 +/- 0.15208651890606256
Background_rpf_expo_par1: -0.9252318766778477 +/- 0.005471222672097345
