Background_rpf_expo_par0: -1.7212845150919285 +/- 0.10595390670904278
Background_rpf_expo_par1: -0.9252662723511658 +/- 0.004579563227277259
