Background_rpf_expo_par0: -1.7212373506727778 +/- 0.10595401938292681
Background_rpf_expo_par1: -0.9252636349399963 +/- 0.004579646717911399
