Background_rpf_expo_par0: -1.7208310040348587 +/- 0.10595901284835724
Background_rpf_expo_par1: -0.9252422900888804 +/- 0.004579774220373522
