Background_rpf_expo_par0: -1.7211465459100117 +/- 0.10595397616363773
Background_rpf_expo_par1: -0.9252562066997138 +/- 0.0045796420252957265
