Background_rpf_expo2_par0: -0.92994749154242 +/- 0.009424389110987941
Background_rpf_expo2_par1: 1.905584863780889 +/- 0.4112943120482335
Background_rpf_expo2_par2: -1.093393737785798 +/- 3.015422882037241
