Background_rpf_expo_par0: -1.7214564796689036 +/- 0.10595380259290076
Background_rpf_expo_par1: -0.9252715417508203 +/- 0.004579644842208145
