Background_rpf_expo_par0: -1.7210910427083685 +/- 0.01016795628813192
Background_rpf_expo_par1: -0.9252564892608979 +/- 0.0004667826180362161
