Background_rpf_expo_par0: -1.7209548462068018 +/- 0.10595578522714628
Background_rpf_expo_par1: -0.9252506895495205 +/- 0.004579752416786207
