Background_rpf_expo_par0: -1.7206206411353973 +/- 0.10595481723999997
Background_rpf_expo_par1: -0.9252417728508039 +/- 0.004579655309713194
