Background_rpf_expo_par0: 1.1028109376939383 +/- 0.0979233567331728
Background_rpf_expo_par1: -1.7011962923078547 +/- 0.004302552625398193
