Background_rpf_expo_par0: -0.9999999999118301 +/- 0.11468746932490846
Background_rpf_expo_par1: -0.9008856414964954 +/- 0.004925334704827771
