Background_rpf_expo_par0: -1.7212386910244015 +/- 0.10595399315880961
Background_rpf_expo_par1: -0.9252647612945508 +/- 0.0045796462820330034
