Background_rpf_expo_par0: -1.721137854336457 +/- 0.10595270959278008
Background_rpf_expo_par1: -0.925264666830299 +/- 0.004579546073632476
