Background_rpf_expo_par0: -1.7214134790538538 +/- 0.10595396756314143
Background_rpf_expo_par1: -0.9252706010110721 +/- 0.004579646288189514
