Background_rpf_expo_par0: 0.07924095109343693 +/- 0.2667828761941037
Background_rpf_expo_par1: 0.09028833644580395 +/- 0.012460600768223083
