Background_rpf_expo_par0: -1.721200123527758 +/- 0.10595410733206298
Background_rpf_expo_par1: -0.9252636712962897 +/- 0.004579648848694485
