Background_rpf_expo_par0: 1.6108359325463943 +/- 0.11936301938541083
Background_rpf_expo_par1: -1.4064311456723255 +/- 0.005434027407044692
