Background_rpf_expo_par0: -1.7211606563096167 +/- 0.1059540496544314
Background_rpf_expo_par1: -0.9252612959239834 +/- 0.004579645923933269
