Background_rpf_expo_par0: -1.721039011454707 +/- 0.10595265118926014
Background_rpf_expo_par1: -0.9252566677198718 +/- 0.00457954092570397
