Background_rpf_expo_par0: -1.7162542502620735 +/- 0.15324498663207486
Background_rpf_expo_par1: -0.9249961166185426 +/- 0.005506584068510192
