Background_rpf_expo_par0: -1.7212358120982691 +/- 0.10595412599227004
Background_rpf_expo_par1: -0.9252658165453522 +/- 0.004579649840525865
