Background_rpf_expo_par0: -1.7621414052907864 +/- 0.15920801731471812
Background_rpf_expo_par1: -0.9270271296285831 +/- 0.005768580969451911
