Background_rpf_expo_par0: -1.7621546045227845 +/- 0.15927293156700553
Background_rpf_expo_par1: -0.9270248347802539 +/- 0.005762869543979136
