Background_rpf_expo_par0: -1.7621546045227845 +/- 0.11348273116875818
Background_rpf_expo_par1: -0.9270248347802539 +/- 0.004905484807484206
