Background_rpf_expo_par0: -1.7209790913532446 +/- 0.10595477702204963
Background_rpf_expo_par1: -0.9252580865118714 +/- 0.004579660936406771
