Background_rpf_expo_par0: -1.7208816617396123 +/- 0.1064864430927473
Background_rpf_expo_par1: -0.925247639445879 +/- 0.0045857479674363405
