Background_rpf_expo_par0: -1.7211591591893765 +/- 0.10205050239364659
Background_rpf_expo_par1: -0.925258156210418 +/- 0.004518886312811453
