Background_rpf_expo_par0: -1.7211022677554457 +/- 0.010319720805870685
Background_rpf_expo_par1: -0.9252592412108291 +/- 0.0004417301546608237
