Background_rpf_expo_par0: -1.7608801551136968 +/- 0.1596913877293645
Background_rpf_expo_par1: -0.9271529880710649 +/- 0.005780015351556382
