Background_rpf_expo_par0: -1.7212497845309649 +/- 0.010184525777936607
Background_rpf_expo_par1: -0.9252659655168646 +/- 0.00045155139067247025
