Background_rpf_expo_par0: -1.7209951908079997 +/- 0.10595284279236171
Background_rpf_expo_par1: -0.925260598522038 +/- 0.004579548155301822
