Background_rpf_expo_par0: -1.7211462284116377 +/- 0.296458184127203
Background_rpf_expo_par1: -0.9252599240557504 +/- 0.009028447404066109
