Background_rpf_expo_par0: -1.7211408910812784 +/- 0.10595432169545314
Background_rpf_expo_par1: -0.9252626095480131 +/- 0.004579653365288259
