Background_rpf_expo_par0: -1.7213099386508386 +/- 0.10057616865338737
Background_rpf_expo_par1: -0.9252635870300535 +/- 0.004554062091028038
