Background_rpf_expo_par0: -1.720751567966986 +/- 0.10595623720445013
Background_rpf_expo_par1: -0.9252502048835178 +/- 0.004579612256808062
