Background_rpf_expo_par0: -1.7211459322836355 +/- 0.10595405117444587
Background_rpf_expo_par1: -0.9252591409441373 +/- 0.004579645104323465
