Background_rpf_expo_par0: -1.7214843059590197 +/- 0.10501514321874414
Background_rpf_expo_par1: -0.9252676497363254 +/- 0.004505523574033274
