Background_rpf_expo_par0: 1.9830719461741317 +/- 0.12158340587839575
Background_rpf_expo_par1: -1.7766082839913147 +/- 0.005581786821417124
