Background_rpf_expo_par0: -1.7209762717723844 +/- 0.10358049383089776
Background_rpf_expo_par1: -0.9252515271578019 +/- 0.004473524443698354
