Background_rpf_expo_par0: -1.721199107271347 +/- 0.09969500841146778
Background_rpf_expo_par1: -0.9252573426265654 +/- 0.00447283489000421
