Background_rpf_expo_par0: 2.2217853487408554 +/- 0.13645893713757826
Background_rpf_expo_par1: -1.6635854891779531 +/- 0.0061297887369308685
