Background_rpf_expo_par0: -1.7213273568606813 +/- 0.10596005923287076
Background_rpf_expo_par1: -0.9252648192995476 +/- 0.004579878124834686
