Background_rpf_expo_par0: -1.7213039604000846 +/- 0.010258559825341483
Background_rpf_expo_par1: -0.9252619475112276 +/- 0.00045303204619077144
