Background_rpf_expo_par0: -1.7211505038505914 +/- 0.10157440581443734
Background_rpf_expo_par1: -0.9252624640286409 +/- 0.004307379892678304
