Background_rpf_expo_par0: -1.7212125443283877 +/- 0.10595269867637663
Background_rpf_expo_par1: -0.9252666241639615 +/- 0.0045795476618614404
