Background_rpf_expo_par0: -1.7210048491010754 +/- 0.10595575362882076
Background_rpf_expo_par1: -0.9252574468712784 +/- 0.00457967800651569
