Background_rpf_expo_par0: -1.762175474037436 +/- 0.1133497958618459
Background_rpf_expo_par1: -0.9270336234406892 +/- 0.004903548703255323
