Background_rpf_expo_par0: -1.762253131739455 +/- 0.11365140181161563
Background_rpf_expo_par1: -0.9270373716220239 +/- 0.004912839036761174
