Background_rpf_expo_par0: -1.7207245572010987 +/- 0.10594977739258324
Background_rpf_expo_par1: -0.9252462382372444 +/- 0.004579518397406412
