Background_rpf_expo_par0: -1.7207941076579854 +/- 0.1484822685379374
Background_rpf_expo_par1: -0.9252413669438243 +/- 0.005422996294321911
