Background_rpf_expo_par0: -1.7210386463384015 +/- 0.10595267619713217
Background_rpf_expo_par1: -0.9252570702577114 +/- 0.004579541687871186
