Background_rpf_expo_par0: -1.76268557770964 +/- 0.1134055613629793
Background_rpf_expo_par1: -0.9270593944585255 +/- 0.0048975759536242225
