Background_rpf_expo_par0: -1.7210584375522773 +/- 0.1059528176789741
Background_rpf_expo_par1: -0.9252626006693336 +/- 0.004579547304955823
