Background_rpf_expo2_par0: -1.6926346717773815 +/- 0.008127792345603343
Background_rpf_expo2_par1: -1.5330343311376369 +/- 0.35078422687603705
Background_rpf_expo2_par2: 3.6215424325992327 +/- 2.54606743379919
