Background_rpf_expo2_par0: -1.6969246118486063 +/- 0.025206798450030016
Background_rpf_expo2_par1: -1.2678535245314453 +/- 1.5036904849613408
Background_rpf_expo2_par2: -1.3250837086193683 +/- 25.724722141196636
