Background_rpf_expo_par0: -1.7211503234025258 +/- 0.10576265710055786
Background_rpf_expo_par1: -0.9252565462599047 +/- 0.004576357937260243
