Background_rpf_expo_par0: -1.7213338997469894 +/- 0.10595527687871216
Background_rpf_expo_par1: -0.9252655355172351 +/- 0.004579371136030849
