Background_rpf_expo_par0: -1.7618817495201484 +/- 0.11364270027188014
Background_rpf_expo_par1: -0.9270229839898396 +/- 0.004912670377033379
