Background_rpf_expo_par0: -1.7624432454082422 +/- 0.26791144468181277
Background_rpf_expo_par1: -0.9270551888898505 +/- 0.0075307806910971916
