Background_rpf_expo_par0: 1.341317822251696 +/- 0.22299403160778616
Background_rpf_expo_par1: -1.695720011197282 +/- 0.006345094386661364
