Background_rpf_expo_par0: -1.7211229431472523 +/- 0.10595267254070756
Background_rpf_expo_par1: -0.9252627542940113 +/- 0.004579544445946695
