Background_rpf_expo_par0: -0.9999999998098187 +/- 0.11468704170000446
Background_rpf_expo_par1: -0.9008868213860337 +/- 0.0049253234555410325
