Background_rpf_expo_par0: -1.7213040475628243 +/- 0.1059805310720407
Background_rpf_expo_par1: -0.925261189739642 +/- 0.004580206246272518
