Background_rpf_expo_par0: -1.720927896762625 +/- 0.18340160122515026
Background_rpf_expo_par1: -0.9252492548739243 +/- 0.006183180314959403
