Background_rpf_expo_par0: -1.7213612499321773 +/- 0.10595254017225957
Background_rpf_expo_par1: -0.9252781074847791 +/- 0.00457954857196595
