Background_rpf_expo_par0: -1.720943794185109 +/- 0.11029356057872369
Background_rpf_expo_par1: -0.9252510709622486 +/- 0.004658555996228988
