Background_rpf_expo_par0: -1.721093371837138 +/- 0.1059541686998941
Background_rpf_expo_par1: -0.9252587006383697 +/- 0.004579647806394634
