Background_rpf_expo_par0: -1.7210922582820294 +/- 0.10595558244623562
Background_rpf_expo_par1: -0.9252544879703083 +/- 0.004579749650366568
