Background_rpf_expo_par0: -1.7213344866796911 +/- 0.12462576849661751
Background_rpf_expo_par1: -0.925265242468227 +/- 0.004793748917867659
