Background_rpf_expo_par0: -1.7212864030904083 +/- 0.15124042464428514
Background_rpf_expo_par1: -0.9252593318401504 +/- 0.005475920088764835
