Background_rpf_expo_par0: -1.7622598960874967 +/- 0.11409816530574335
Background_rpf_expo_par1: -0.9270387066945107 +/- 0.00490670870409643
