Background_rpf_expo_par0: -1.7210271166675843 +/- 0.10595557260460203
Background_rpf_expo_par1: -0.9252513104728086 +/- 0.00457974682502689
