Background_rpf_expo_par0: -1.7622768259113617 +/- 0.11389892811499779
Background_rpf_expo_par1: -0.9270337893751798 +/- 0.004919073940392541
