Background_rpf_expo_par0: -1.7623028825808846 +/- 0.11399557717924354
Background_rpf_expo_par1: -0.927038211106989 +/- 0.0049190472331297795
