Background_rpf_expo_par0: -1.7211534475307624 +/- 0.10595553283813552
Background_rpf_expo_par1: -0.9252575882163381 +/- 0.004579748485190998
