Background_fail_par0: 99.99999999999997 +/- 91.44033814799704
Background_fail_par1: -20.581448455248424 +/- 2.42414840700992
