Background_rpf_expo_par0: -1.7624930551810598 +/- 0.11363952367557804
Background_rpf_expo_par1: -0.9270517799758791 +/- 0.004912530935881341
