Background_fail_par0: 99.99999999999999 +/- 91.442686839176
Background_fail_par1: -20.581448871951544 +/- 2.7676799674212345
