Background_rpf_expo_par0: -1.7212846250263683 +/- 0.10595536054706511
Background_rpf_expo_par1: -0.9252620431472889 +/- 0.004579746585931087
