Background_rpf_expo_par0: -1.721170480218674 +/- 0.10595407777194063
Background_rpf_expo_par1: -0.9252566558712119 +/- 0.004579643925078167
