Background_rpf_expo_par0: -1.7212477770494297 +/- 0.10595417159478361
Background_rpf_expo_par1: -0.9252652690051214 +/- 0.00457965151923815
