Background_rpf_expo_par0: -1.7208153009334475 +/- 0.105977753879231
Background_rpf_expo_par1: -0.9252515221574413 +/- 0.004580006528419021
