Background_rpf_expo_par0: -1.720746722309827 +/- 0.1059545962741777
Background_rpf_expo_par1: -0.9252473903569716 +/- 0.004579652661918285
