Background_rpf_expo_par0: -1.7210208148600676 +/- 0.10595299616895745
Background_rpf_expo_par1: -0.9252522205522962 +/- 0.004579572630918569
