Background_rpf_expo_par0: -1.7210934296301388 +/- 0.10491502922388828
Background_rpf_expo_par1: -0.9252576678089423 +/- 0.00455920729944495
