Background_rpf_expo_par0: -1.7209633183069788 +/- 0.10595283783326633
Background_rpf_expo_par1: -0.9252567432575853 +/- 0.004579545703122921
