Background_rpf_expo_par0: 1.0539742606915357 +/- 0.09694628617140823
Background_rpf_expo_par1: -1.7024509945377968 +/- 0.00428297724823555
