Background_rpf_expo_par0: 2.0691316688129975 +/- 0.14163376308092057
Background_rpf_expo_par1: -1.5800489069336208 +/- 0.00642596688821486
