Background_rpf_expo_par0: -1.7212356563453788 +/- 0.10595384043827635
Background_rpf_expo_par1: -0.9252658320570506 +/- 0.0045796460020864505
