Background_rpf_expo_par0: -1.7212799258675247 +/- 0.10595945913058542
Background_rpf_expo_par1: -0.9252611778102848 +/- 0.0045797851942412674
