Background_rpf_expo_par0: -1.7213418557967526 +/- 0.1486942036053998
Background_rpf_expo_par1: -0.9252595414553701 +/- 0.0054056556656539535
