Background_rpf_expo_par0: -1.7211420485865445 +/- 0.10596139890272828
Background_rpf_expo_par1: -0.9252592240490132 +/- 0.0045797812375255684
