Background_rpf_expo_par0: -1.7625125579601202 +/- 0.11382515085480505
Background_rpf_expo_par1: -0.9270409093951847 +/- 0.0049249569212223565
