Background_rpf_expo_par0: -1.7625125579601202 +/- 0.11364267752766398
Background_rpf_expo_par1: -0.9270409093951847 +/- 0.004912760997924055
