Background_rpf_expo_par0: -1.7624097748269483 +/- 0.1136413501271819
Background_rpf_expo_par1: -0.9270441657537947 +/- 0.004912652050775443
