Background_rpf_expo_par0: -1.721299676882668 +/- 0.1033871253081501
Background_rpf_expo_par1: -0.9252580529621971 +/- 0.004572400179103935
