Background_rpf_expo_par0: -1.7620995701891289 +/- 0.11341164190276909
Background_rpf_expo_par1: -0.9270267011714133 +/- 0.00490984871661837
