Background_rpf_expo_par0: -1.7211083252909354 +/- 0.10595535141691478
Background_rpf_expo_par1: -0.925250954723921 +/- 0.004579741561356317
