Background_rpf_expo_par0: -1.7051651585297496 +/- 0.10576286547577594
Background_rpf_expo_par1: -0.9245555555068287 +/- 0.004570555847676097
