Background_rpf_expo_par0: -1.7210375159286966 +/- 0.10595422201973759
Background_rpf_expo_par1: -0.9252563083387211 +/- 0.004579648114490638
