Background_rpf_expo_par0: 1.9744246220381858 +/- 0.12144209777768716
Background_rpf_expo_par1: -1.7769177573446995 +/- 0.005578875182827149
