Background_rpf_expo_par0: 1.0541390566799704 +/- 0.0969465945018894
Background_rpf_expo_par1: -1.7024494881298982 +/- 0.00428298310529235
