Background_rpf_expo_par0: -1.721109857594887 +/- 0.10595548373789013
Background_rpf_expo_par1: -0.9252584247689328 +/- 0.00457966784115746
