Background_rpf_expo_par0: 1.0536096835665096 +/- 0.09694862251765858
Background_rpf_expo_par1: -1.7024816220400028 +/- 0.004283043111005944
