Background_rpf_expo_par0: -1.7215699524081918 +/- 0.10595211201505424
Background_rpf_expo_par1: -0.9252776458762892 +/- 0.0045795374163641175
