Background_rpf_expo_par0: -1.7211284556626214 +/- 0.10596497780523431
Background_rpf_expo_par1: -0.9252579210685961 +/- 0.004579898142761354
