Background_rpf_expo_par0: -1.720862680930811 +/- 0.1054568974553486
Background_rpf_expo_par1: -0.925241200472101 +/- 0.004569926748358833
