Background_rpf_expo_par0: 1.0539509287752502 +/- 0.09749433765240356
Background_rpf_expo_par1: -1.7024569028268983 +/- 0.004284543383959782
