Background_rpf_expo_par0: -1.7210227134845408 +/- 0.10595492700780432
Background_rpf_expo_par1: -0.9252600777985522 +/- 0.004579664009843562
