Background_rpf_expo_par0: 1.3334757181245185 +/- 0.2231189000992375
Background_rpf_expo_par1: -1.69592008875644 +/- 0.006347972597235395
