Background_rpf_expo_par0: -1.7208834616819535 +/- 0.10591975170698778
Background_rpf_expo_par1: -0.9252457248690211 +/- 0.004569172060665995
