Background_rpf_expo_par0: -1.7211340485497784 +/- 0.010246366095410122
Background_rpf_expo_par1: -0.9252595116114426 +/- 0.0004674672477677575
