Background_rpf_expo2_par0: -1.6926569855565887 +/- 0.015190112809628242
Background_rpf_expo2_par1: -1.532569654279669 +/- 0.8017425844240871
Background_rpf_expo2_par2: 3.6193208588543535 +/- 7.821886656791365
