Background_rpf_expo2_par0: -1.6926889029702445 +/- 0.008124723924632996
Background_rpf_expo2_par1: -1.5311418078861116 +/- 0.3506337047097222
Background_rpf_expo2_par2: 3.608189109974565 +/- 2.545108122485849
