Background_rpf_expo_par0: -1.7210738976068285 +/- 0.10571940280654014
Background_rpf_expo_par1: -0.9252571758700239 +/- 0.004576042698915933
