Background_rpf_expo_par0: -1.721064360490772 +/- 0.10595413005955917
Background_rpf_expo_par1: -0.9252548636300133 +/- 0.004579645214636328
