Background_rpf_expo_par0: -1.721178004798151 +/- 0.10546874678702524
Background_rpf_expo_par1: -0.9252570960328541 +/- 0.004570161009629669
