Background_rpf_expo_par0: -1.7213379610936033 +/- 0.1059540135339504
Background_rpf_expo_par1: -0.925266801716093 +/- 0.004579646732565266
