Background_rpf_expo_par0: -1.721019159096874 +/- 0.10595273946624727
Background_rpf_expo_par1: -0.9252578771169331 +/- 0.0045795436417529894
