Background_rpf_expo_par0: 2.328700637785653 +/- 0.31983678300109064
Background_rpf_expo_par1: -1.4223295137592842 +/- 0.009367070395184796
