Background_rpf_expo_par0: -1.7211902697195414 +/- 0.10595449612386224
Background_rpf_expo_par1: -0.9252723200559926 +/- 0.004579537123200104
