Background_rpf_expo_par0: -1.7210763829449736 +/- 0.10595436333251414
Background_rpf_expo_par1: -0.9252602116674874 +/- 0.004579653164672327
