Background_rpf_expo_par0: -1.7213706162689186 +/- 0.1056361827240429
Background_rpf_expo_par1: -0.9252665688356106 +/- 0.004574090063944483
