Background_rpf_expo_par0: -1.721135746455448 +/- 0.10334336545245433
Background_rpf_expo_par1: -0.925259093868072 +/- 0.004255005929821455
