Background_rpf_expo_par0: -1.7208855701561956 +/- 0.10675751988229681
Background_rpf_expo_par1: -0.92524725344637 +/- 0.004594240554690103
