Background_rpf_expo_par0: 0.07969175678528247 +/- 0.5346436823404128
Background_rpf_expo_par1: 0.09032288219022278 +/- 0.016923981064024957
