Background_rpf_expo_par0: -1.7623263366033821 +/- 0.11315067003184565
Background_rpf_expo_par1: -0.9270377227507123 +/- 0.004910972555546622
