Background_rpf_expo_par0: -1.7211712689558831 +/- 0.10546914709450382
Background_rpf_expo_par1: -0.9252557218111674 +/- 0.004570167293126572
