Background_rpf_expo_par0: -1.7211660464563798 +/- 0.10595406267736887
Background_rpf_expo_par1: -0.9252613414198582 +/- 0.004579646326839461
