Background_rpf_expo_par0: -1.721107336054573 +/- 0.10595562074691568
Background_rpf_expo_par1: -0.9252549442608363 +/- 0.004579750714679868
