Background_rpf_expo_par0: -1.7627723518007643 +/- 0.1611305552827673
Background_rpf_expo_par1: -0.9270578432735076 +/- 0.005807534686594815
