Background_rpf_expo_par0: 1.166971038896864 +/- 0.13680281390845234
Background_rpf_expo_par1: -1.6993861397760153 +/- 0.005021841207327091
