Background_rpf_expo_par0: -0.9999999996657299 +/- 0.1146874947613301
Background_rpf_expo_par1: -0.9008807789144836 +/- 0.0049253472417958915
