Background_rpf_expo_par0: -1.7209802621636863 +/- 0.1502924657581736
Background_rpf_expo_par1: -0.9252529599829542 +/- 0.005455329175072735
