Background_rpf_expo_par0: -1.7210734675409456 +/- 0.10595396367438363
Background_rpf_expo_par1: -0.925260801626016 +/- 0.004579637938009548
