Background_rpf_expo_par0: -1.7210824428070424 +/- 0.10598590610530785
Background_rpf_expo_par1: -0.9252575568666573 +/- 0.004580224901021371
