Background_rpf_expo_par0: -1.721017711225087 +/- 0.10595263849148344
Background_rpf_expo_par1: -0.9252559675535447 +/- 0.004579540318828649
